   GPSTime         Latitude        Longitude      H-Ell      Vel-N      Vel-E    Vel-U  
     (sec)            (Deg)            (Deg)        (m)      (m/s)      (m/s)    (m/s)  
 451981.00    30.4671526880   114.6595703684      8.069     -0.921      7.291   -0.040 
 451982.00    30.4672195421   114.6595608103      8.034     -0.926      7.498   -0.001 
 451983.00    30.4672874094   114.6595512156      8.040     -0.896      7.507   -0.017 
 451984.00    30.4673547465   114.6595420683      8.024     -0.871      7.419   -0.021 
 451985.00    30.4674212114   114.6595330581      8.019     -0.890      7.319   -0.018 
 451986.00    30.4674866946   114.6595235707      8.028     -0.946      7.224    0.006 
 451987.00    30.4675515602   114.6595137457      8.031     -0.867      7.131    0.010 
 451988.00    30.4676141762   114.6595046522      8.025     -0.920      6.720    0.015 
 451989.00    30.4676731845   114.6594951327      8.041     -0.950      6.424    0.039 
 451990.00    30.4677306965   114.6594848111      8.033     -1.050      6.240    0.005 
 451991.00    30.4677849594   114.6594731598      8.035     -1.203      5.785   -0.010 
 451992.00    30.4678365359   114.6594606525      8.049     -1.269      5.671    0.025 
 451993.00    30.4678892536   114.6594469015      8.086     -1.389      6.098    0.028 
 451994.00    30.4679461459   114.6594315460      8.099     -1.572      6.451    0.027 
 451995.00    30.4680026004   114.6594149973      8.116     -1.558      5.987    0.000 
 451996.00    30.4680498801   114.6594000759      8.134     -1.297      4.144   -0.004 
 451997.00    30.4680763091   114.6593893633      8.152     -0.839      2.299    0.019 
 451998.00    30.4680964323   114.6593811107      8.170     -0.800      2.331    0.017 
 451999.00    30.4681213704   114.6593721318      8.184     -0.915      3.310   -0.000 
 452000.00    30.4681564033   114.6593620316      8.197     -0.969      4.435    0.011 
 452001.00    30.4682006681   114.6593526346      8.209     -0.790      5.362   -0.001 
 452002.00    30.4682527291   114.6593456844      8.206     -0.557      6.167    0.012 
 452003.00    30.4683090047   114.6593407513      8.207     -0.427      6.102    0.012 
 452004.00    30.4683614244   114.6593360630      8.215     -0.501      5.454    0.007 
 452005.00    30.4684053166   114.6593295363      8.221     -0.755      4.231    0.003 
 452006.00    30.4684381904   114.6593204948      8.239     -1.010      3.039    0.010 
 452007.00    30.4684612580   114.6593088847      8.263     -1.308      2.310    0.021 
 452008.00    30.4684803726   114.6592917751      8.260     -2.127      1.777   -0.034 
 452009.00    30.4684904483   114.6592657787      8.251     -2.834      0.341   -0.023 
 452010.00    30.4684873387   114.6592366931      8.211     -2.872     -1.162   -0.045 
 452011.00    30.4684691781   114.6592101297      8.166     -2.286     -3.154   -0.043 
 452012.00    30.4684338649   114.6591955871      8.146     -0.690     -4.707   -0.016 
 452013.00    30.4683884345   114.6591928010      8.117      0.128     -5.544   -0.028 
 452014.00    30.4683351461   114.6591990885      8.110      0.852     -6.354    0.003 
 452015.00    30.4682739500   114.6592086162      8.110      0.969     -7.225    0.030 
 452016.00    30.4682047576   114.6592189538      8.092      1.082     -8.087   -0.080 
 452017.00    30.4681289726   114.6592304904      8.092      1.133     -8.712    0.024 
 452018.00    30.4680478098   114.6592426721      8.093      1.195     -9.238   -0.030 
 452019.00    30.4679633195   114.6592550564      8.079      1.187     -9.498   -0.021 
 452020.00    30.4678758561   114.6592674959      8.048      1.203     -9.920   -0.021 
 452021.00    30.4677845976   114.6592801828      8.048      1.267    -10.292    0.000 
 452022.00    30.4676905520   114.6592939676      8.037      1.392    -10.560   -0.013 
 452023.00    30.4675937414   114.6593087978      8.039      1.491    -10.937   -0.070 
 452024.00    30.4674935866   114.6593250298      8.004      1.611    -11.306   -0.013 
 452025.00    30.4673894836   114.6593429353      7.997      1.796    -11.782    0.034 
 452026.00    30.4672809849   114.6593622210      7.977      1.911    -12.260   -0.072 
 452027.00    30.4671692966   114.6593825452      7.968      1.957    -12.479   -0.050 
 452028.00    30.4670555422   114.6594037796      7.967      2.093    -12.783   -0.033 
 452029.00    30.4669384032   114.6594260854      7.975      2.192    -13.201    0.016 
 452030.00    30.4668182626   114.6594491714      7.973      2.220    -13.358   -0.021 
 452031.00    30.4666979918   114.6594723499      7.946      2.237    -13.321   -0.051 
 452032.00    30.4665771861   114.6594958322      7.946      2.227    -13.409    0.009 
 452033.00    30.4664574001   114.6595190158      7.917      2.193    -13.115   -0.025 
 452034.00    30.4663403974   114.6595410366      7.910      2.048    -12.878   -0.039 
 452035.00    30.4662234561   114.6595619932      7.906      1.995    -13.094   -0.030 
 452036.00    30.4661049028   114.6595825892      7.875      1.977    -13.130    0.001 
 452037.00    30.4659869114   114.6596037137      7.814      2.113    -13.009    0.000 
 452038.00    30.4658701253   114.6596278580      7.827      2.463    -12.965    0.017 
 452039.00    30.4657518034   114.6596528282      7.840      2.363    -13.266    0.055 
 452040.00    30.4656304059   114.6596768490      7.832      2.289    -13.620   -0.069 
 452041.00    30.4655063323   114.6597011187      7.839      2.364    -13.846   -0.094 
 452042.00    30.4653814431   114.6597258716      7.803      2.373    -13.815   -0.006 
 452043.00    30.4652563139   114.6597497967      7.764      2.234    -13.934    0.008 
 452044.00    30.4651300090   114.6597730526      7.764      2.195    -14.053    0.065 
 452045.00    30.4650036365   114.6597956169      7.822      2.121    -13.926    0.063 
 452046.00    30.4648789940   114.6598178282      7.869      2.156    -13.727    0.028 
 452047.00    30.4647548170   114.6598402713      7.842      2.179    -13.852    0.210 
 452048.00    30.4646290342   114.6598624258      7.862      2.085    -14.045    0.063 
 452049.00    30.4645012538   114.6598835704      7.883      1.994    -14.281    0.032 
 452050.00    30.4643720349   114.6599036596      7.885      1.855    -14.278    0.011 
 452051.00    30.4642442473   114.6599225556      7.845      1.837    -14.070    0.110 
 452052.00    30.4641171982   114.6599423550      7.935      1.843    -14.103    0.064 
 452053.00    30.4639895136   114.6599620173      7.972      1.926    -14.215    0.082 
 452054.00    30.4638605630   114.6599821156      7.991      1.966    -14.370    0.049 
 452055.00    30.4637302480   114.6600023870      8.027      1.923    -14.530    0.033 
 452056.00    30.4635983599   114.6600220937      8.054      1.922    -14.706    0.022 
 452057.00    30.4634651606   114.6600431503      8.088      2.116    -14.830    0.077 
 452058.00    30.4633307816   114.6600654265      8.133      2.176    -14.942    0.022 
 452059.00    30.4631959394   114.6600880453      8.152      2.129    -15.001    0.002 
 452060.00    30.4630597006   114.6601093839      8.200      1.988    -15.208    0.029 
 452061.00    30.4629216876   114.6601293074      8.229      1.830    -15.343    0.081 
 452062.00    30.4627832449   114.6601477961      8.243      1.761    -15.328    0.008 
 452063.00    30.4626450778   114.6601667595      8.255      1.871    -15.351    0.037 
 452064.00    30.4625057786   114.6601868965      8.283      1.977    -15.549    0.006 
 452065.00    30.4623644408   114.6602077484      8.287      2.040    -15.787   -0.032 
 452066.00    30.4622210783   114.6602292220      8.310      2.078    -15.974    0.036 
 452067.00    30.4620770272   114.6602509198      8.322      2.075    -15.953    0.036 
 452068.00    30.4619327212   114.6602721072      8.348      2.017    -16.073    0.062 
 452069.00    30.4617867566   114.6602929089      8.353      2.000    -16.282   -0.003 
 452070.00    30.4616396116   114.6603137248      8.330      1.998    -16.317   -0.004 
 452071.00    30.4614921770   114.6603344697      8.320      2.005    -16.397   -0.063 
 452072.00    30.4613446534   114.6603554403      8.336      2.055    -16.292    0.014 
 452073.00    30.4611978911   114.6603772854      8.357      2.138    -16.305    0.011 
 452074.00    30.4610501617   114.6603999424      8.376      2.194    -16.432    0.015 
 452075.00    30.4609014776   114.6604230916      8.382      2.246    -16.567   -0.034 
 452076.00    30.4607509026   114.6604466675      8.363      2.276    -16.821   -0.022 
 452077.00    30.4605989941   114.6604701681      8.385      2.219    -16.827    0.098 
 452078.00    30.4604475545   114.6604927869      8.405      2.123    -16.762    0.030 
 452079.00    30.4602957394   114.6605146207      8.397      2.078    -16.922   -0.057 
 452080.00    30.4601427536   114.6605360317      8.383      2.041    -16.965   -0.049 
 452081.00    30.4599897718   114.6605571957      8.357      2.013    -16.961   -0.009 
 452082.00    30.4598370863   114.6605779501      8.354      1.988    -16.907    0.097 
 452083.00    30.4596843099   114.6605993273      8.360      2.097    -16.995   -0.034 
 452084.00    30.4595301465   114.6606216502      8.422      2.154    -17.199    0.035 
 452085.00    30.4593745758   114.6606440246      8.440      2.088    -17.196    0.106 
 452086.00    30.4592202307   114.6606639325      8.534      1.740    -17.010    0.041 
 452087.00    30.4590677978   114.6606802073      8.597      1.472    -16.783    0.148 
 452088.00    30.4589174640   114.6606938457      8.692      1.152    -16.570    0.083 
 452089.00    30.4587688812   114.6607042379      8.794      0.809    -16.366    0.330 
 452090.00    30.4586218576   114.6607098032      8.924      0.311    -16.171    0.248 
 452091.00    30.4584769825   114.6607106026      9.191     -0.173    -15.893    0.271 
 452092.00    30.4583353702   114.6607048244      9.441     -0.970    -15.506    0.121 
 452093.00    30.4581975616   114.6606899131      9.646     -1.865    -15.053    0.095 
 452094.00    30.4580636890   114.6606654132      9.765     -2.829    -14.540    0.235 
 452095.00    30.4579349229   114.6606307827     10.007     -3.744    -14.007    0.323 
 452096.00    30.4578110537   114.6605882560     10.247     -4.417    -13.467    0.133 
 452097.00    30.4576923404   114.6605384426     10.416     -5.026    -12.816    0.204 
 452098.00    30.4575796761   114.6604844304     10.603     -5.362    -12.027    0.137 
 452099.00    30.4574757450   114.6604259162     10.907     -5.879    -11.058    0.068 
 452100.00    30.4573795628   114.6603639492     11.099     -6.013    -10.255    0.176 
 452101.00    30.4572904428   114.6603023284     11.224     -5.785     -9.458    0.123 
 452102.00    30.4572099185   114.6602429517     11.378     -5.608     -8.423    0.129 
 452103.00    30.4571379873   114.6601854567     11.496     -5.416     -7.488    0.106 
 452104.00    30.4570747178   114.6601306082     11.597     -5.107     -6.537    0.090 
 452105.00    30.4570188733   114.6600788018     11.688     -4.821     -5.832    0.094 
 452106.00    30.4569707751   114.6600320806     11.778     -4.080     -4.815    0.084 
 452107.00    30.4569317349   114.6599949867     11.851     -2.927     -3.791    0.058 
 452108.00    30.4569026586   114.6599741130     11.916     -1.100     -2.779    0.093 
 452109.00    30.4568804113   114.6599694097     12.000      0.169     -2.375    0.104 
 452110.00    30.4568610341   114.6599781433     12.122      1.499     -2.118    0.162 
 452111.00    30.4568475658   114.6599995258     12.250      2.532     -1.059    0.148 
 452112.00    30.4568467046   114.6600308993     12.323      3.418      0.803    0.060 
 452113.00    30.4568645579   114.6600664701     12.338      3.477      2.842   -0.015 
 452114.00    30.4568963588   114.6601033209     12.291      3.651      4.145   -0.070 
 452115.00    30.4569369406   114.6601419613     12.197      3.749      4.540   -0.103 
 452116.00    30.4569756936   114.6601810925     12.119      3.821      4.081   -0.066 
 452117.00    30.4570095695   114.6602213981     12.089      3.779      3.443   -0.009 
 452118.00    30.4570365052   114.6602567881     12.096      2.823      2.522   -0.023 
 452119.00    30.4570551495   114.6602801451     12.080      1.878      1.769   -0.032 
 452120.00    30.4570712471   114.6602962376     12.082      1.271      1.631   -0.011 
 452121.00    30.4570833568   114.6603065544     12.062      0.699      0.976   -0.038 
 452122.00    30.4570883132   114.6603106438     12.047      0.100      0.131   -0.002 
 452123.00    30.4570883487   114.6603106669     12.049      0.001      0.001   -0.000 
 452124.00    30.4570883396   114.6603106665     12.049     -0.000     -0.001    0.001 
 452125.00    30.4570883403   114.6603106696     12.048     -0.001      0.001   -0.004 
 452126.00    30.4570883338   114.6603106797     12.046      0.001     -0.002   -0.002 
 452127.00    30.4570883311   114.6603106716     12.046     -0.001      0.001    0.000 
 452128.00    30.4570883376   114.6603106696     12.046     -0.002     -0.000    0.001 
 452129.00    30.4570883375   114.6603106716     12.045      0.003      0.000   -0.001 
 452130.00    30.4570883404   114.6603106792     12.044     -0.002      0.000   -0.003 
 452131.00    30.4570883475   114.6603106672     12.044     -0.001      0.000    0.002 
 452132.00    30.4570883499   114.6603106679     12.043     -0.000     -0.002   -0.002 
 452133.00    30.4570883410   114.6603106724     12.042      0.004     -0.001   -0.004 
 452134.00    30.4570883480   114.6603106941     12.042      0.005      0.005   -0.005 
 452135.00    30.4570883493   114.6603106816     12.041      0.001      0.001   -0.006 
 452136.00    30.4570883506   114.6603106735     12.041      0.001      0.002   -0.002 
 452137.00    30.4570883488   114.6603106861     12.042      0.003     -0.001    0.002 
 452138.00    30.4570883399   114.6603106962     12.042     -0.001      0.001    0.001 
 452139.00    30.4570883511   114.6603106885     12.044     -0.003     -0.000   -0.001 
 452140.00    30.4570883528   114.6603106884     12.045     -0.002     -0.004    0.002 
 452141.00    30.4570883481   114.6603106781     12.045     -0.001      0.001    0.001 
 452142.00    30.4570883544   114.6603106721     12.043      0.001      0.003   -0.002 
 452143.00    30.4570883581   114.6603106778     12.042     -0.000      0.002   -0.001 
 452144.00    30.4570883554   114.6603106800     12.041      0.000     -0.003   -0.001 
 452145.00    30.4570883517   114.6603106810     12.041     -0.001     -0.000    0.001 
 452146.00    30.4570883583   114.6603106783     12.041      0.002      0.001    0.001 
 452147.00    30.4570883614   114.6603106725     12.040     -0.001      0.002   -0.000 
 452148.00    30.4570897576   114.6603118934     12.039      0.185      0.247   -0.006 
 452149.00    30.4570919825   114.6603136321     12.033      0.152      0.235   -0.009 
 452150.00    30.4570933939   114.6603146723     12.026      0.030      0.056   -0.006 
 452151.00    30.4570934222   114.6603146964     12.022     -0.001     -0.005   -0.003 
 452152.00    30.4570934226   114.6603147005     12.020      0.000      0.002   -0.001 
 452153.00    30.4570934263   114.6603146861     12.018      0.001      0.002   -0.002 
 452154.00    30.4570934277   114.6603146913     12.016      0.000     -0.001   -0.001 
 452155.00    30.4570934260   114.6603146893     12.016      0.003      0.001    0.001 
 452156.00    30.4570934300   114.6603146909     12.015      0.001      0.002   -0.001 
 452157.00    30.4570934299   114.6603146992     12.015     -0.001     -0.001   -0.001 
 452158.00    30.4570934363   114.6603147018     12.015     -0.000     -0.002    0.002 
 452159.00    30.4570934358   114.6603146983     12.014     -0.001      0.003   -0.000 
 452160.00    30.4570934253   114.6603146840     12.014     -0.000      0.000   -0.000 
 452161.00    30.4570934264   114.6603146921     12.012     -0.000     -0.001    0.002 
 452162.00    30.4570934313   114.6603146971     12.012      0.000      0.002    0.003 
 452163.00    30.4570934298   114.6603146820     12.013     -0.002     -0.000   -0.000 
 452164.00    30.4570934389   114.6603146814     12.014      0.000     -0.000    0.001 
 452165.00    30.4570934422   114.6603146992     12.014      0.002     -0.002    0.002 
 452166.00    30.4570934386   114.6603146965     12.016     -0.001      0.001    0.004 
 452167.00    30.4570934419   114.6603146903     12.017     -0.001      0.001   -0.002 
 452168.00    30.4570934453   114.6603146812     12.016     -0.001     -0.001   -0.005 
 452169.00    30.4570934475   114.6603146807     12.014     -0.001     -0.002   -0.001 
 452170.00    30.4570934411   114.6603146796     12.013      0.001      0.001    0.002 
 452171.00    30.4570934360   114.6603146831     12.013     -0.000      0.004    0.001 
 452172.00    30.4570934394   114.6603146813     12.014     -0.001      0.000   -0.001 
 452173.00    30.4570934439   114.6603146879     12.013      0.000     -0.001   -0.003 
 452174.00    30.4570934433   114.6603146891     12.012     -0.001     -0.002    0.001 
 452175.00    30.4570934400   114.6603146879     12.011     -0.002     -0.002    0.005 
 452176.00    30.4570934520   114.6603146909     12.012      0.004      0.006    0.002 
 452177.00    30.4570934841   114.6603147173     12.013     -0.002     -0.001    0.001 
 452178.00    30.4570934881   114.6603147205     12.014      0.000      0.001   -0.001 
 452179.00    30.4570935005   114.6603147242     12.014      0.003      0.002    0.000 
 452180.00    30.4570935013   114.6603147350     12.013      0.001     -0.001    0.001 
 452181.00    30.4570934984   114.6603147370     12.014     -0.001     -0.001    0.003 
 452182.00    30.4570934975   114.6603147410     12.016      0.000     -0.001   -0.000 
 452183.00    30.4570935081   114.6603147484     12.014      0.001      0.002   -0.004 
 452184.00    30.4570935256   114.6603147510     12.012      0.002      0.001   -0.002 
 452185.00    30.4570935246   114.6603147657     12.012      0.002     -0.002    0.001 
 452186.00    30.4570935206   114.6603147618     12.014     -0.000     -0.001    0.002 
 452187.00    30.4570935257   114.6603147599     12.015     -0.000     -0.001    0.003 
 452188.00    30.4570935314   114.6603147636     12.017     -0.001     -0.000    0.003 
 452189.00    30.4570935277   114.6603147680     12.018     -0.002     -0.000    0.001 
 452190.00    30.4570935295   114.6603147780     12.019     -0.000      0.000   -0.001 
 452191.00    30.4570935318   114.6603147719     12.019     -0.001      0.000   -0.000 
 452192.00    30.4570935352   114.6603147708     12.019      0.000      0.002   -0.001 
 452193.00    30.4570935357   114.6603147610     12.020     -0.001     -0.000    0.001 
 452194.00    30.4570935382   114.6603147584     12.019      0.000      0.000    0.002 
 452195.00    30.4570935454   114.6603147692     12.019      0.002     -0.000    0.000 
 452196.00    30.4570935454   114.6603147820     12.019     -0.001      0.001    0.002 
 452197.00    30.4570935491   114.6603147809     12.019     -0.001      0.000   -0.001 
 452198.00    30.4570935515   114.6603147837     12.018      0.002     -0.001   -0.000 
 452199.00    30.4570935552   114.6603147870     12.018     -0.000      0.002    0.002 
 452200.00    30.4570935638   114.6603147803     12.018     -0.000      0.000    0.000 
 452201.00    30.4570935638   114.6603147824     12.018     -0.001     -0.001    0.001 
 452202.00    30.4570935602   114.6603147812     12.019      0.001     -0.001    0.002 
 452203.00    30.4570935555   114.6603147865     12.020     -0.001      0.001    0.000 
 452204.00    30.4570935543   114.6603147801     12.021      0.000     -0.000   -0.000 
 452205.00    30.4570935549   114.6603147810     12.022      0.003      0.001    0.004 
 452206.00    30.4570935655   114.6603147799     12.023      0.001      0.002    0.001 
 452207.00    30.4570935730   114.6603147763     12.025     -0.000     -0.000    0.002 
 452208.00    30.4570935655   114.6603147778     12.026     -0.000     -0.003    0.002 
 452209.00    30.4570935620   114.6603147794     12.026      0.000      0.001   -0.002 
 452210.00    30.4570935738   114.6603147777     12.024      0.000      0.001   -0.000 
 452211.00    30.4570935751   114.6603147806     12.025     -0.002      0.000   -0.002 
 452212.00    30.4570935687   114.6603147758     12.026     -0.001     -0.001    0.001 
 452213.00    30.4570935633   114.6603147637     12.028      0.001      0.001   -0.000 
 452214.00    30.4570935627   114.6603147707     12.027      0.002      0.000   -0.001 
 452215.00    30.4570935688   114.6603147692     12.027     -0.001      0.000    0.000 
 452216.00    30.4570935752   114.6603147709     12.026      0.000     -0.000    0.000 
 452217.00    30.4570935796   114.6603147726     12.025     -0.000      0.000    0.000 
 452218.00    30.4570935803   114.6603147745     12.025     -0.001     -0.001   -0.000 
 452219.00    30.4570935758   114.6603147810     12.024     -0.001     -0.001   -0.001 
 452220.00    30.4570935727   114.6603147816     12.024     -0.001     -0.000   -0.000 
 452221.00    30.4570935721   114.6603147705     12.025     -0.002      0.001    0.000 
 452222.00    30.4570935793   114.6603147690     12.025      0.001      0.002   -0.003 
 452223.00    30.4570935880   114.6603147733     12.024     -0.000     -0.000   -0.001 
 452224.00    30.4570935853   114.6603147704     12.024      0.001      0.001    0.000 
 452225.00    30.4570935864   114.6603147689     12.026      0.000      0.002    0.002 
 452226.00    30.4570935851   114.6603147628     12.027     -0.000      0.001    0.001 
 452227.00    30.4570935891   114.6603147722     12.027      0.002     -0.000    0.000 
 452228.00    30.4570935795   114.6603147741     12.027      0.001     -0.000    0.001 
 452229.00    30.4570935806   114.6603147681     12.026     -0.000      0.001   -0.001 
 452230.00    30.4570935851   114.6603147773     12.025     -0.001     -0.001    0.001 
 452231.00    30.4570935846   114.6603147759     12.026     -0.000     -0.001    0.000 
 452232.00    30.4570935905   114.6603147801     12.027     -0.000      0.002    0.001 
 452233.00    30.4570935967   114.6603147743     12.029     -0.000     -0.000   -0.000 
 452234.00    30.4570935914   114.6603147602     12.029     -0.002     -0.000   -0.001 
 452235.00    30.4570935970   114.6603147593     12.027      0.003      0.001   -0.003 
 452236.00    30.4570935948   114.6603147682     12.024      0.002     -0.001   -0.002 
 452237.00    30.4570935929   114.6603147863     12.022      0.001      0.001   -0.001 
 452238.00    30.4570935977   114.6603147890     12.021     -0.002      0.000    0.001 
 452239.00    30.4570936090   114.6603147847     12.022     -0.001     -0.000    0.002 
 452240.00    30.4570936119   114.6603147979     12.024      0.001     -0.001   -0.000 
 452241.00    30.4570936068   114.6603148022     12.026     -0.001      0.001    0.002 
 452242.00    30.4570936104   114.6603147920     12.027     -0.000     -0.001   -0.001 
 452243.00    30.4570936061   114.6603147881     12.028      0.000     -0.000    0.001 
 452244.00    30.4570936053   114.6603147895     12.031      0.001     -0.000    0.003 
 452245.00    30.4570936035   114.6603147805     12.033     -0.000     -0.001    0.004 
 452246.00    30.4570935960   114.6603147865     12.034     -0.001     -0.001    0.001 
 452247.00    30.4570935958   114.6603147900     12.034     -0.000     -0.000   -0.000 
 452248.00    30.4570935987   114.6603147920     12.033     -0.001      0.000    0.000 
 452249.00    30.4570936057   114.6603147907     12.033     -0.001      0.001   -0.002 
 452250.00    30.4570936097   114.6603147870     12.032      0.001     -0.001    0.001 
 452251.00    30.4570936100   114.6603147912     12.033     -0.001     -0.000   -0.001 
 452252.00    30.4570936128   114.6603147862     12.034      0.001      0.001    0.001 
 452253.00    30.4570936129   114.6603147893     12.035      0.002      0.000    0.001 
 452254.00    30.4570936144   114.6603148003     12.035      0.001     -0.000    0.001 
 452255.00    30.4570936117   114.6603148048     12.035     -0.001     -0.001    0.002 
 452256.00    30.4570936104   114.6603148057     12.036      0.000     -0.000   -0.001 
 452257.00    30.4570936112   114.6603148107     12.035      0.001      0.001    0.001 
 452258.00    30.4570936156   114.6603148155     12.037     -0.001     -0.001   -0.001 
 452259.00    30.4570936118   114.6603148061     12.037     -0.001     -0.000   -0.000 
 452260.00    30.4570936152   114.6603148118     12.037      0.002      0.002   -0.003 
 452261.00    30.4570936130   114.6603148122     12.037      0.002     -0.000   -0.000 
 452262.00    30.4570936162   114.6603148117     12.034     -0.000      0.002   -0.004 
 452263.00    30.4570936247   114.6603148151     12.032     -0.000     -0.000   -0.000 
 452264.00    30.4570936278   114.6603148215     12.032      0.000      0.000    0.002 
 452265.00    30.4570936217   114.6603148242     12.035     -0.002     -0.002    0.005 
 452266.00    30.4570936223   114.6603148157     12.037     -0.002      0.000    0.004 
 452267.00    30.4570936174   114.6603148159     12.039      0.001     -0.002   -0.000 
 452268.00    30.4570936114   114.6603148258     12.039      0.000     -0.001   -0.003 
 452269.00    30.4570936106   114.6603148259     12.036      0.001      0.002   -0.005 
 452270.00    30.4570936119   114.6603148262     12.036      0.000      0.001    0.002 
 452271.00    30.4570936145   114.6603148280     12.037      0.001      0.000   -0.002 
 452272.00    30.4570936117   114.6603148321     12.036      0.002     -0.001   -0.001 
 452273.00    30.4570936210   114.6603148339     12.036      0.001      0.002    0.000 
 452274.00    30.4570936262   114.6603148279     12.037      0.001      0.000    0.002 
 452275.00    30.4570936252   114.6603148297     12.039     -0.002     -0.001    0.001 
 452276.00    30.4570936174   114.6603148227     12.039     -0.001     -0.001    0.001 
 452277.00    30.4570936114   114.6603148263     12.040     -0.001     -0.000    0.001 
 452278.00    30.4570936147   114.6603148313     12.041      0.001      0.001   -0.000 
 452279.00    30.4570936181   114.6603148296     12.041     -0.001     -0.000    0.003 
 452280.00    30.4570936156   114.6603148313     12.042      0.001      0.000   -0.002 
 452281.00    30.4570936163   114.6603148344     12.042      0.001     -0.000    0.001 
 452282.00    30.4570936137   114.6603148444     12.044      0.003      0.001   -0.000 
 452283.00    30.4570936158   114.6603148457     12.044     -0.000     -0.000    0.000 
 452284.00    30.4570936169   114.6603148367     12.044      0.000      0.001    0.002 
 452285.00    30.4570936232   114.6603148406     12.044     -0.000      0.001   -0.001 
 452286.00    30.4570936257   114.6603148457     12.043     -0.002     -0.001   -0.001 
 452287.00    30.4570936241   114.6603148476     12.041      0.001     -0.000   -0.003 
 452288.00    30.4570936213   114.6603148410     12.041     -0.002     -0.000    0.002 
 452289.00    30.4570936166   114.6603148258     12.042     -0.000      0.001   -0.002 
 452290.00    30.4570936160   114.6603148336     12.042      0.001     -0.002    0.001 
 452291.00    30.4570936197   114.6603148397     12.043     -0.003      0.001    0.000 
 452292.00    30.4570936244   114.6603148302     12.043      0.002      0.001   -0.001 
 452293.00    30.4570936268   114.6603148332     12.043      0.002     -0.000    0.000 
 452294.00    30.4570936199   114.6603148350     12.044      0.000     -0.001    0.004 
 452295.00    30.4570936214   114.6603148311     12.047     -0.003      0.001    0.006 
 452296.00    30.4570936237   114.6603148526     12.053      0.003     -0.001    0.006 
 452297.00    30.4570936232   114.6603149096     12.060     -0.003     -0.002    0.005 
 452298.00    30.4570936277   114.6603149283     12.062     -0.005      0.000   -0.004 
 452299.00    30.4570936290   114.6603148618     12.055     -0.009      0.000   -0.009 
 452300.00    30.4570936365   114.6603148119     12.046     -0.001     -0.001   -0.010 
 452301.00    30.4570936420   114.6603148124     12.042     -0.000      0.001   -0.001 
 452302.00    30.4570936418   114.6603148159     12.043      0.002     -0.001    0.003 
 452303.00    30.4570936351   114.6603148163     12.045      0.001      0.000    0.003 
 452304.00    30.4570936369   114.6603148276     12.046     -0.000     -0.001    0.002 
 452305.00    30.4570936381   114.6603148296     12.046      0.001     -0.000   -0.001 
 452306.00    30.4570936296   114.6603148362     12.047     -0.001     -0.002    0.002 
 452307.00    30.4570936211   114.6603148388     12.049      0.001     -0.001    0.000 
 452308.00    30.4570936232   114.6603148467     12.050      0.001      0.001   -0.001 
 452309.00    30.4570936396   114.6603148555     12.051      0.002      0.002   -0.001 
 452310.00    30.4570936350   114.6603148518     12.052      0.000     -0.001   -0.000 
 452311.00    30.4570936326   114.6603148501     12.052      0.001      0.002    0.001 
 452312.00    30.4570936351   114.6603148550     12.053      0.001      0.001    0.002 
 452313.00    30.4570936336   114.6603148580     12.054     -0.000     -0.000    0.001 
 452314.00    30.4570936381   114.6603148588     12.054      0.001      0.002    0.000 
 452315.00    30.4570936434   114.6603148692     12.053      0.000     -0.000    0.003 
 452316.00    30.4570936453   114.6603148611     12.053     -0.001      0.001   -0.001 
 452317.00    30.4570936439   114.6603148593     12.054     -0.003     -0.001   -0.001 
 452318.00    30.4570936437   114.6603148444     12.055     -0.003      0.002   -0.002 
 452319.00    30.4570936379   114.6603148479     12.057      0.000     -0.001    0.003 
 452320.00    30.4570936298   114.6603148464     12.057     -0.002     -0.001   -0.001 
 452321.00    30.4570936264   114.6603148452     12.059     -0.000     -0.001    0.000 
 452322.00    30.4570936304   114.6603148604     12.059      0.003      0.001   -0.002 
 452323.00    30.4570936326   114.6603148559     12.060     -0.001      0.002    0.003 
 452324.00    30.4570936344   114.6603148497     12.061      0.000     -0.001    0.001 
 452325.00    30.4570936303   114.6603148447     12.060     -0.001     -0.001   -0.001 
 452326.00    30.4570936196   114.6603148399     12.060      0.001      0.000    0.000 
 452327.00    30.4570936254   114.6603148456     12.060     -0.000      0.002    0.001 
 452328.00    30.4570936347   114.6603148446     12.060     -0.002     -0.000    0.000 
 452329.00    30.4570936444   114.6603148363     12.059     -0.001     -0.000   -0.003 
 452330.00    30.4570936450   114.6603148311     12.058      0.001     -0.001   -0.002 
 452331.00    30.4570936405   114.6603148370     12.057      0.001     -0.001    0.000 
 452332.00    30.4570936350   114.6603148335     12.057      0.001      0.000   -0.001 
 452333.00    30.4570936484   114.6603148375     12.058      0.002      0.001    0.001 
 452334.00    30.4570936483   114.6603148332     12.057      0.002     -0.001    0.002 
 452335.00    30.4570936374   114.6603148304     12.058     -0.002     -0.001    0.003 
 452336.00    30.4570936414   114.6603148157     12.059     -0.002     -0.001   -0.002 
 452337.00    30.4570936442   114.6603148105     12.059     -0.002     -0.002    0.001 
 452338.00    30.4570936339   114.6603148141     12.060      0.000     -0.001    0.000 
 452339.00    30.4570936352   114.6603148188     12.061     -0.003      0.002   -0.002 
 452340.00    30.4570936378   114.6603148248     12.059      0.002     -0.001   -0.004 
 452341.00    30.4570936347   114.6603148179     12.061     -0.002     -0.001    0.001 
 452342.00    30.4570936364   114.6603148190     12.062      0.001      0.002   -0.001 
 452343.00    30.4570936386   114.6603148249     12.062      0.000     -0.000   -0.001 
 452344.00    30.4570936418   114.6603148193     12.060      0.002     -0.001   -0.001 
 452345.00    30.4570936476   114.6603148152     12.060      0.001      0.001    0.001 
 452346.00    30.4570936486   114.6603148103     12.061      0.000      0.001    0.002 
 452347.00    30.4570936557   114.6603148097     12.062     -0.001      0.001    0.001 
 452348.00    30.4570936405   114.6603148096     12.062      0.000     -0.002    0.002 
 452349.00    30.4570936327   114.6603148114     12.062     -0.000     -0.001   -0.001 
 452350.00    30.4570936390   114.6603148033     12.061     -0.002      0.001   -0.001 
 452351.00    30.4570936392   114.6603148131     12.060     -0.001     -0.001   -0.004 
 452352.00    30.4570936391   114.6603148155     12.061     -0.002     -0.001    0.001 
 452353.00    30.4570936292   114.6603148056     12.063      0.000     -0.000   -0.002 
 452354.00    30.4570936229   114.6603147982     12.064      0.000     -0.000   -0.000 
 452355.00    30.4570936244   114.6603147958     12.063      0.001      0.000   -0.000 
 452356.00    30.4570936222   114.6603147982     12.064      0.001      0.002    0.002 
 452357.00    30.4570936235   114.6603148053     12.064      0.002     -0.001    0.002 
 452358.00    30.4570936382   114.6603148015     12.065     -0.001      0.001    0.002 
 452359.00    30.4570936485   114.6603147978     12.067     -0.001     -0.001    0.004 
 452360.00    30.4570936395   114.6603148036     12.068      0.001     -0.003    0.000 
 452361.00    30.4570936268   114.6603148093     12.069      0.000      0.002   -0.001 
 452362.00    30.4570936290   114.6603148154     12.069     -0.001      0.001    0.001 
 452363.00    30.4570936299   114.6603148176     12.069      0.001     -0.001    0.001 
 452364.00    30.4570936271   114.6603148067     12.069     -0.001      0.001   -0.000 
 452365.00    30.4570936346   114.6603148047     12.068      0.001      0.002    0.001 
 452366.00    30.4570936337   114.6603148034     12.069     -0.000     -0.000    0.001 
 452367.00    30.4570936320   114.6603148013     12.068     -0.002     -0.001    0.001 
 452368.00    30.4570936287   114.6603147934     12.069     -0.002     -0.001    0.002 
 452369.00    30.4570936215   114.6603147945     12.071     -0.000     -0.000    0.001 
 452370.00    30.4570936231   114.6603148008     12.073     -0.001      0.002    0.001 
 452371.00    30.4570936243   114.6603148026     12.072     -0.000      0.000   -0.002 
 452372.00    30.4570936295   114.6603148005     12.072      0.000      0.001   -0.000 
 452373.00    30.4570936280   114.6603148109     12.073      0.003     -0.001   -0.001 
 452374.00    30.4570936205   114.6603148161     12.074      0.001      0.000    0.003 
 452375.00    30.4570936256   114.6603148020     12.076      0.000      0.002    0.004 
 452376.00    30.4570936313   114.6603148014     12.078     -0.001     -0.001    0.005 
 452377.00    30.4570936315   114.6603148092     12.080      0.001     -0.003    0.003 
 452378.00    30.4570936345   114.6603148126     12.080     -0.001      0.000   -0.001 
 452379.00    30.4570936330   114.6603148062     12.080     -0.001     -0.002    0.000 
 452380.00    30.4570936331   114.6603148085     12.081     -0.002      0.002   -0.001 
 452381.00    30.4570936333   114.6603148008     12.080      0.000     -0.001   -0.002 
 452382.00    30.4570936276   114.6603148044     12.081     -0.000      0.000   -0.002 
 452383.00    30.4570936387   114.6603147911     12.079      0.000      0.001   -0.002 
 452384.00    30.4570936395   114.6603147909     12.078      0.002     -0.000   -0.001 
 452385.00    30.4570936291   114.6603147970     12.078      0.001     -0.000    0.002 
 452386.00    30.4570936331   114.6603148021     12.079     -0.001      0.001    0.001 
 452387.00    30.4570936368   114.6603147948     12.080      0.001     -0.000    0.001 
 452388.00    30.4570936447   114.6603147974     12.081     -0.001     -0.000    0.004 
 452389.00    30.4570936433   114.6603148001     12.081      0.000     -0.000    0.000 
 452390.00    30.4570936426   114.6603148026     12.081     -0.001      0.001    0.001 
 452391.00    30.4570936454   114.6603148045     12.082     -0.001     -0.002   -0.002 
 452392.00    30.4570936399   114.6603148032     12.082     -0.000     -0.001   -0.002 
 452393.00    30.4570936313   114.6603147950     12.081     -0.000      0.002   -0.002 
 452394.00    30.4570936335   114.6603147974     12.082      0.002      0.000    0.000 
 452395.00    30.4570936314   114.6603148027     12.083      0.002      0.001    0.001 
 452396.00    30.4570936316   114.6603148085     12.084     -0.000      0.001   -0.000 
 452397.00    30.4570936369   114.6603148030     12.084     -0.001      0.000    0.001 
 452398.00    30.4570936410   114.6603147991     12.084     -0.002     -0.001    0.002 
 452399.00    30.4570936393   114.6603147989     12.084     -0.000      0.001    0.002 
 452400.00    30.4570936434   114.6603148044     12.084     -0.001     -0.000   -0.001 
 452401.00    30.4570936428   114.6603147959     12.084     -0.002      0.001   -0.001 
 452402.00    30.4570936365   114.6603148102     12.085     -0.001     -0.001   -0.002 
 452403.00    30.4570936296   114.6603148108     12.085      0.000     -0.000    0.000 
 452404.00    30.4570936375   114.6603148060     12.084      0.001      0.002   -0.002 
 452405.00    30.4570936389   114.6603148080     12.082      0.001     -0.001   -0.000 
 452406.00    30.4570936323   114.6603148123     12.081      0.000     -0.000    0.002 
 452407.00    30.4570936298   114.6603148184     12.082     -0.001     -0.001    0.002 
 452408.00    30.4570936326   114.6603148060     12.082     -0.002     -0.000    0.001 
 452409.00    30.4570936332   114.6603147991     12.082     -0.000      0.001   -0.002 
 452410.00    30.4570936296   114.6603147978     12.083      0.000     -0.000   -0.000 
 452411.00    30.4570936272   114.6603148000     12.084     -0.000     -0.001   -0.004 
 452412.00    30.4570936326   114.6603147972     12.083      0.002      0.000    0.001 
 452413.00    30.4570936335   114.6603148071     12.085      0.002      0.000    0.003 
 452414.00    30.4570936294   114.6603148077     12.086      0.001     -0.001    0.002 
 452415.00    30.4570936240   114.6603148044     12.085     -0.003      0.000    0.001 
 452416.00    30.4570936261   114.6603147950     12.084     -0.004      0.002   -0.001 
 452417.00    30.4570936273   114.6603148073     12.084      0.000     -0.001    0.001 
 452418.00    30.4570936322   114.6603148117     12.084     -0.002     -0.000   -0.001 
 452419.00    30.4570936322   114.6603147944     12.085     -0.003     -0.001   -0.000 
 452420.00    30.4570936287   114.6603148014     12.084      0.000     -0.003   -0.000 
 452421.00    30.4570936330   114.6603148084     12.082     -0.001      0.000    0.000 
 452422.00    30.4570936354   114.6603148068     12.081      0.001     -0.000    0.001 
 452423.00    30.4570939646   114.6603149906     12.082      0.070      0.142    0.002 
 452424.00    30.4570978648   114.6603167365     12.065      0.277      0.797   -0.045 
 452425.00    30.4571081041   114.6603194629     12.020      0.194      1.433   -0.020 
 452426.00    30.4571229721   114.6603214502     11.978      0.314      1.827   -0.068 
 452427.00    30.4571414746   114.6603257302     11.912      0.574      2.300   -0.076 
 452428.00    30.4571639872   114.6603327679     11.830      0.819      2.672   -0.091 
 452429.00    30.4571895973   114.6603427449     11.742      1.118      3.007   -0.089 
 452430.00    30.4572199708   114.6603569604     11.668      1.620      3.715   -0.067 
 452431.00    30.4572557784   114.6603767991     11.602      2.130      4.203   -0.058 
 452432.00    30.4572957792   114.6604009420     11.543      2.431      4.684   -0.061 
 452433.00    30.4573403478   114.6604274165     11.465      2.640      5.212   -0.118 
 452434.00    30.4573902554   114.6604563448     11.355      2.904      5.879   -0.093 
 452435.00    30.4574460192   114.6604879407     11.279      3.131      6.481   -0.103 
 452436.00    30.4575068692   114.6605215855     11.149      3.296      7.041   -0.159 
 452437.00    30.4575730042   114.6605564544     10.971      3.392      7.622   -0.171 
 452438.00    30.4576445606   114.6605911444     10.808      3.245      8.225   -0.145 
 452439.00    30.4577213000   114.6606240241     10.681      3.076      8.753   -0.109 
 452440.00    30.4578022931   114.6606552735     10.546      2.907      9.164   -0.168 
 452441.00    30.4578860474   114.6606841684     10.438      2.690      9.411   -0.194 
 452442.00    30.4579725547   114.6607103857     10.203      2.364      9.743   -0.188 
 452443.00    30.4580618546   114.6607335605     10.075      2.078     10.012   -0.126 
 452444.00    30.4581520103   114.6607527992      9.974      1.594      9.923   -0.087 
 452445.00    30.4582415059   114.6607669309      9.882      1.086      9.946   -0.159 
 452446.00    30.4583316435   114.6607753270      9.722      0.538     10.039   -0.126 
 452447.00    30.4584228858   114.6607791193      9.552      0.244     10.235   -0.176 
 452448.00    30.4585165483   114.6607807351      9.358      0.094     10.561   -0.275 
 452449.00    30.4586132793   114.6607808730      9.168     -0.059     10.891   -0.137 
 452450.00    30.4587125675   114.6607795796      9.050     -0.187     11.077   -0.108 
 452451.00    30.4588125619   114.6607765821      8.947     -0.372     11.073   -0.124 
 452452.00    30.4589125035   114.6607719319      8.956     -0.543     11.102    0.090 
 452453.00    30.4590126468   114.6607657157      8.862     -0.677     11.155   -0.125 
 452454.00    30.4591140163   114.6607581412      8.776     -0.773     11.369   -0.084 
 452455.00    30.4592178178   114.6607498500      8.701     -0.809     11.676   -0.180 
 452456.00    30.4593240237   114.6607411593      8.576     -0.934     11.873   -0.059 
 452457.00    30.4594325080   114.6607309561      8.508     -1.093     12.158   -0.124 
 452458.00    30.4595428198   114.6607186349      8.428     -1.258     12.237   -0.064 
 452459.00    30.4596529857   114.6607047154      8.383     -1.411     12.146   -0.087 
 452460.00    30.4597619163   114.6606896766      8.353     -1.474     12.036    0.076 
 452461.00    30.4598710900   114.6606738224      8.351     -1.560     12.153    0.014 
 452462.00    30.4599811423   114.6606571123      8.354     -1.648     12.254   -0.019 
 452463.00    30.4600914350   114.6606397775      8.361     -1.681     12.129    0.017 
 452464.00    30.4601996690   114.6606224612      8.374     -1.608     11.881    0.049 
 452465.00    30.4603066486   114.6606060248      8.335     -1.556     11.805    0.109 
 452466.00    30.4604139448   114.6605896342      8.390     -1.613     11.977    0.071 
 452467.00    30.4605224647   114.6605730559      8.385     -1.567     12.076   -0.002 
 452468.00    30.4606320751   114.6605568838      8.379     -1.517     12.226   -0.037 
 452469.00    30.4607432524   114.6605410408      8.349     -1.537     12.456   -0.001 
 452470.00    30.4608568874   114.6605243880      8.378     -1.655     12.771    0.068 
 452471.00    30.4609736108   114.6605069093      8.411     -1.694     13.127    0.009 
 452472.00    30.4610938950   114.6604887157      8.407     -1.754     13.558    0.016 
 452473.00    30.4612178248   114.6604702849      8.389     -1.786     13.942   -0.050 
 452474.00    30.4613453664   114.6604516872      8.360     -1.796     14.305    0.170 
 452475.00    30.4614762578   114.6604328496      8.393     -1.855     14.653    0.130 
 452476.00    30.4616102153   114.6604133689      8.414     -1.899     15.023    0.043 
 452477.00    30.4617473053   114.6603934161      8.426     -1.940     15.374   -0.022 
 452478.00    30.4618875526   114.6603732054      8.393     -1.943     15.717    0.013 
 452479.00    30.4620303828   114.6603530363      8.350     -1.907     15.848   -0.054 
 452480.00    30.4621719695   114.6603334943      8.332     -1.854     15.565    0.056 
 452481.00    30.4623128341   114.6603136045      8.327     -1.975     15.699   -0.006 
 452482.00    30.4624559496   114.6602925720      8.298     -2.075     16.036   -0.063 
 452483.00    30.4626023885   114.6602704506      8.264     -2.169     16.431   -0.056 
 452484.00    30.4627522231   114.6602476711      8.224     -2.188     16.726   -0.056 
 452485.00    30.4629019280   114.6602254963      8.223     -2.059     16.438   -0.069 
 452486.00    30.4630485359   114.6602046210      8.173     -1.968     16.067   -0.058 
 452487.00    30.4631916701   114.6601842574      8.158     -1.958     15.670   -0.007 
 452488.00    30.4633314244   114.6601639324      8.142     -1.948     15.300   -0.003 
 452489.00    30.4634678965   114.6601437880      8.107     -1.929     14.952   -0.057 
 452490.00    30.4636011825   114.6601238868      8.075     -1.895     14.591   -0.030 
 452491.00    30.4637312868   114.6601041346      8.061     -1.899     14.247   -0.041 
 452492.00    30.4638582549   114.6600845948      8.015     -1.866     13.914   -0.082 
 452493.00    30.4639829307   114.6600651441      7.979     -1.894     13.747    0.026 
 452494.00    30.4641078077   114.6600449573      7.964     -1.981     13.954   -0.059 
 452495.00    30.4642340283   114.6600239436      7.924     -2.026     14.011   -0.010 
 452496.00    30.4643607344   114.6600024346      7.936     -2.094     14.114   -0.049 
 452497.00    30.4644889917   114.6599804123      7.917     -2.143     14.315   -0.001 
 452498.00    30.4646176679   114.6599586208      7.930     -1.970     14.149    0.018 
 452499.00    30.4647437760   114.6599390258      7.935     -1.825     13.800    0.043 
 452500.00    30.4648669853   114.6599204942      7.858     -1.803     13.484    0.179 
 452501.00    30.4649870877   114.6599019992      7.860     -1.794     13.136    0.044 
 452502.00    30.4651038154   114.6598835057      7.833     -1.776     12.760   -0.024 
 452503.00    30.4652173854   114.6598642404      7.846     -1.869     12.480    0.010 
 452504.00    30.4653296685   114.6598449887      7.855     -1.844     12.420   -0.002 
 452505.00    30.4654415555   114.6598252790      7.875     -1.910     12.393    0.020 
 452506.00    30.4655537865   114.6598051735      7.894     -1.944     12.548   -0.042 
 452507.00    30.4656681864   114.6597853558      7.917     -1.879     12.827    0.007 
 452508.00    30.4657856133   114.6597659991      7.925     -1.880     13.185    0.005 
 452509.00    30.4659061706   114.6597463340      7.942     -1.947     13.545    0.006 
 452510.00    30.4660299980   114.6597257343      7.956     -2.031     13.898    0.016 
 452511.00    30.4661563477   114.6597041891      7.986     -2.089     14.016    0.050 
 452512.00    30.4662814911   114.6596823608      8.000     -2.085     13.695   -0.000 
 452513.00    30.4664007071   114.6596617688      8.026     -1.856     12.541    0.014 
 452514.00    30.4665068911   114.6596436430      8.040     -1.617     11.086   -0.001 
 452515.00    30.4666049348   114.6596272970      8.056     -1.514     10.684    0.000 
 452516.00    30.4666995607   114.6596119701      8.051     -1.427     10.304   -0.011 
 452517.00    30.4667915299   114.6595976090      8.060     -1.320     10.096    0.002 
 452518.00    30.4668817034   114.6595849313      8.081     -1.135      9.909   -0.019 
 452519.00    30.4669704011   114.6595736560      8.077     -1.066      9.753    0.012 
 452520.00    30.4670575640   114.6595622779      8.098     -1.128      9.559    0.028 
 452521.00    30.4671431093   114.6595502291      8.108     -1.174      9.397    0.006 
 452522.00    30.4672275845   114.6595378031      8.117     -1.223      9.408    0.010 
 452523.00    30.4673131345   114.6595246168      8.113     -1.292      9.529   -0.068 
 452524.00    30.4673980412   114.6595122490      8.097     -1.114      9.312    0.030 
 452525.00    30.4674822695   114.6595004580      8.101     -1.170      9.390    0.015 
 452526.00    30.4675682816   114.6594881446      8.110     -1.207      9.729   -0.005 
 452527.00    30.4676579512   114.6594756902      8.133     -1.229     10.125    0.037 
 452528.00    30.4677489580   114.6594630933      8.133     -1.204      9.953   -0.007 
 452529.00    30.4678365168   114.6594503887      8.131     -1.243      9.295    0.026 
 452530.00    30.4679135739   114.6594382105      8.145     -1.136      7.715    0.006 
 452531.00    30.4679738749   114.6594258710      8.157     -1.296      5.548   -0.000 
 452532.00    30.4680110081   114.6594092417      8.172     -1.743      2.615    0.030 
 452533.00    30.4680284862   114.6593906642      8.201     -1.947      1.456    0.021 
 452534.00    30.4680395350   114.6593663305      8.215     -2.858      0.923    0.009 
 452535.00    30.4680428916   114.6593331611      8.212     -3.556     -0.394    0.003 
 452536.00    30.4680319113   114.6592967143      8.172     -3.456     -2.206   -0.068 
 452537.00    30.4680034729   114.6592669304      8.118     -2.217     -4.329   -0.021 
 452538.00    30.4679587546   114.6592546928      8.099     -0.393     -5.630   -0.057 
 452539.00    30.4679048044   114.6592569077      8.067      0.710     -6.483   -0.027 
 452540.00    30.4678425892   114.6592666122      8.066      0.989     -7.374    0.004 
 452541.00    30.4677716794   114.6592771441      8.072      1.051     -8.340   -0.040 
 452542.00    30.4676922393   114.6592886173      8.069      1.182     -9.270   -0.022 
 452543.00    30.4676049301   114.6593023329      8.077      1.496    -10.100   -0.027 
 452544.00    30.4675102339   114.6593186246      8.041      1.662    -10.903   -0.075 
 452545.00    30.4674085668   114.6593366322      8.036      1.837    -11.654    0.022 
 452546.00    30.4673002111   114.6593565487      8.033      1.953    -12.371   -0.038 
 452547.00    30.4671855659   114.6593777819      8.028      2.112    -13.062   -0.090 
 452548.00    30.4670648661   114.6594001685      8.007      2.191    -13.722   -0.040 
 452549.00    30.4669383808   114.6594237511      8.007      2.347    -14.323    0.010 
 452550.00    30.4668066151   114.6594487505      8.010      2.469    -14.865   -0.015 
 452551.00    30.4666706292   114.6594749500      7.977      2.578    -15.263    0.047 
 452552.00    30.4665316912   114.6595027646      7.971      2.760    -15.538   -0.026 
 452553.00    30.4663903774   114.6595308968      7.960      2.688    -15.759    0.004 
 452554.00    30.4662484767   114.6595583391      7.955      2.589    -15.715    0.012 
 452555.00    30.4661061203   114.6595853125      7.934      2.620    -15.879    0.004 
 452556.00    30.4659624214   114.6596128864      7.880      2.643    -15.859    0.004 
 452557.00    30.4658207351   114.6596401546      7.874      2.585    -15.618    0.018 
 452558.00    30.4656790120   114.6596671079      7.911      2.580    -15.835   -0.004 
 452559.00    30.4655346951   114.6596943882      7.917      2.655    -16.202   -0.105 
 452560.00    30.4653869089   114.6597224308      7.846      2.728    -16.591    0.012 
 452561.00    30.4652352471   114.6597506576      7.804      2.684    -17.037    0.011 
 452562.00    30.4650797064   114.6597789403      7.838      2.729    -17.447    0.064 
 452563.00    30.4649210169   114.6598077308      7.912      2.781    -17.717    0.043 
 452564.00    30.4647597029   114.6598363973      7.857      2.754    -18.051    0.386 
 452565.00    30.4645951355   114.6598641464      7.913      2.553    -18.423    0.042 
 452566.00    30.4644277467   114.6598895739      7.928      2.352    -18.669   -0.012 
 452567.00    30.4642583815   114.6599145185      7.886      2.494    -18.886   -0.161 
 452568.00    30.4640868698   114.6599400171      7.987      2.498    -19.141    0.068 
 452569.00    30.4639128149   114.6599659544      8.019      2.478    -19.412   -0.022 
 452570.00    30.4637364331   114.6599912469      8.064      2.407    -19.668   -0.031 
 452571.00    30.4635583746   114.6600167078      8.096      2.444    -19.772    0.047 
 452572.00    30.4633804506   114.6600420495      8.155      2.418    -19.641    0.039 
 452573.00    30.4632041279   114.6600671724      8.201      2.428    -19.491   -0.016 
 452574.00    30.4630282723   114.6600928045      8.238      2.516    -19.523    0.023 
 452575.00    30.4628516288   114.6601201742      8.277      2.765    -19.645   -0.017 
 452576.00    30.4626737242   114.6601496403      8.298      2.869    -19.807    0.035 
 452577.00    30.4624949161   114.6601789464      8.339      2.734    -19.801    0.025 
 452578.00    30.4623165260   114.6602064459      8.337      2.601    -19.786    0.052 
 452579.00    30.4621372900   114.6602337958      8.354      2.645    -19.967   -0.021 
 452580.00    30.4619559880   114.6602611742      8.378      2.610    -20.227    0.037 
 452581.00    30.4617724012   114.6602891711      8.392      2.705    -20.486    0.034 
 452582.00    30.4615865911   114.6603173379      8.382      2.735    -20.702    0.030 
 452583.00    30.4613990500   114.6603463642      8.384      2.799    -20.885    0.105 
 452584.00    30.4612102620   114.6603751764      8.422      2.740    -20.925   -0.002 
 452585.00    30.4610224071   114.6604033917      8.435      2.675    -20.652    0.074 
 452586.00    30.4608380159   114.6604311694      8.423      2.652    -20.216   -0.025 
 452587.00    30.4606574386   114.6604584054      8.412      2.589    -19.860   -0.010 
 452588.00    30.4604786122   114.6604854117      8.446      2.606    -19.843    0.030 
 452589.00    30.4602991981   114.6605120960      8.446      2.503    -19.951   -0.024 
 452590.00    30.4601190784   114.6605377384      8.424      2.438    -19.963   -0.050 
 452591.00    30.4599395860   114.6605622920      8.390      2.255    -19.760   -0.013 
 452592.00    30.4597631605   114.6605853585      8.414      2.176    -19.400    0.041 
 452593.00    30.4595890295   114.6606082920      8.427      2.270    -19.203    0.087 
 452594.00    30.4594165282   114.6606315257      8.450      2.171    -18.985    0.068 
 452595.00    30.4592473940   114.6606529193      8.550      1.869    -18.517    0.141 
 452596.00    30.4590814460   114.6606703722      8.607      1.447    -18.256    0.136 
 452597.00    30.4589181282   114.6606838062      8.705      1.063    -17.972   -0.023 
 452598.00    30.4587572499   114.6606931840      8.821      0.743    -17.727    0.279 
 452599.00    30.4585986131   114.6606995797      8.975      0.441    -17.458    0.299 
 452600.00    30.4584431077   114.6607014135      9.245     -0.110    -16.976    0.239 
 452601.00    30.4582924193   114.6606959478      9.484     -1.009    -16.374    0.201 
 452602.00    30.4581470823   114.6606794609      9.657     -2.168    -15.777   -0.016 
 452603.00    30.4580070690   114.6606509573      9.896     -3.348    -15.201    0.111 
 452604.00    30.4578726089   114.6606107230     10.144     -4.403    -14.539    0.260 
 452605.00    30.4577435422   114.6605609096     10.393     -5.142    -14.022    0.144 
 452606.00    30.4576198431   114.6605061956     10.606     -5.449    -13.332    0.256 
 452607.00    30.4575041158   114.6604454426     10.950     -6.222    -12.244    0.144 
 452608.00    30.4573967667   114.6603761250     11.119     -6.982    -11.595    0.121 
 452609.00    30.4572929292   114.6603011008     11.256     -7.376    -11.432    0.126 
 452610.00    30.4571902201   114.6602219079     11.439     -7.802    -11.342    0.144 
 452611.00    30.4570883636   114.6601381477     11.616     -8.299    -11.221    0.145 
 452612.00    30.4569881265   114.6600483722     11.784     -8.989    -10.930    0.210 
 452613.00    30.4568909517   114.6599504587     11.946     -9.809    -10.579    0.127 
 452614.00    30.4567970285   114.6598441940     12.116    -10.577    -10.235    0.144 
 452615.00    30.4567064045   114.6597296153     12.272    -11.392     -9.838    0.258 
 452616.00    30.4566198047   114.6596067456     12.541    -12.191     -9.311    0.225 
 452617.00    30.4565388326   114.6594748873     12.780    -13.077     -8.662    0.220 
 452618.00    30.4564624474   114.6593351126     13.014    -13.746     -8.263    0.254 
 452619.00    30.4563892725   114.6591888245     13.253    -14.336     -7.936    0.241 
 452620.00    30.4563192985   114.6590364395     13.477    -14.936     -7.526    0.294 
 452621.00    30.4562537568   114.6588777997     13.740    -15.516     -6.993    0.286 
 452622.00    30.4561921920   114.6587135646     13.998    -15.992     -6.683    0.193 
 452623.00    30.4561332037   114.6585446211     14.232    -16.439     -6.421    0.219 
 452624.00    30.4560765870   114.6583718560     14.481    -16.605     -6.106    0.260 
 452625.00    30.4560225186   114.6582007782     14.713    -16.273     -5.912    0.257 
 452626.00    30.4559696085   114.6580313915     14.949    -16.316     -5.831    0.175 
 452627.00    30.4559172739   114.6578609306     15.191    -16.433     -5.805    0.250 
 452628.00    30.4558649410   114.6576894174     15.407    -16.522     -5.814    0.230 
 452629.00    30.4558121792   114.6575171630     15.647    -16.549     -5.866    0.236 
 452630.00    30.4557593796   114.6573453246     15.873    -16.437     -5.822    0.256 
 452631.00    30.4557070083   114.6571749825     16.136    -16.302     -5.797    0.256 
 452632.00    30.4556547531   114.6570056265     16.386    -16.231     -5.784    0.249 
 452633.00    30.4556027203   114.6568368090     16.627    -16.192     -5.756    0.222 
 452634.00    30.4555508415   114.6566684021     16.849    -16.153     -5.763    0.230 
 452635.00    30.4554990086   114.6565004108     17.085    -16.119     -5.742    0.237 
 452636.00    30.4554472923   114.6563322822     17.319    -16.219     -5.734    0.201 
 452637.00    30.4553953916   114.6561623719     17.554    -16.374     -5.797    0.246 
 452638.00    30.4553434407   114.6559934701     17.794    -16.021     -5.684    0.248 
 452639.00    30.4552930302   114.6558295618     18.017    -15.450     -5.474    0.221 
 452640.00    30.4552444206   114.6556710859     18.242    -15.025     -5.348    0.232 
 452641.00    30.4551962764   114.6555157103     18.463    -14.875     -5.338    0.209 
 452642.00    30.4551479150   114.6553604073     18.659    -14.984     -5.398    0.207 
 452643.00    30.4550988149   114.6552032115     18.878    -15.237     -5.501    0.248 
 452644.00    30.4550486757   114.6550428310     19.091    -15.566     -5.634    0.232 
 452645.00    30.4549973309   114.6548789676     19.335    -15.908     -5.766    0.232 
 452646.00    30.4549448201   114.6547114788     19.557    -16.270     -5.871    0.209 
 452647.00    30.4548914540   114.6545402408     19.807    -16.621     -5.942    0.268 
 452648.00    30.4548373876   114.6543653751     20.074    -16.958     -6.042    0.224 
 452649.00    30.4547821949   114.6541871742     20.333    -17.269     -6.188    0.274 
 452650.00    30.4547258531   114.6540057192     20.576    -17.586     -6.279    0.263 
 452651.00    30.4546689012   114.6538209131     20.833    -17.902     -6.352    0.283 
 452652.00    30.4546112772   114.6536329105     21.089    -18.213     -6.428    0.267 
 452653.00    30.4545528268   114.6534417443     21.350    -18.504     -6.547    0.236 
 452654.00    30.4544929762   114.6532478168     21.603    -18.758     -6.680    0.292 
 452655.00    30.4544322780   114.6530511240     21.893    -18.998     -6.823    0.367 
 452656.00    30.4543707106   114.6528522810     22.173    -19.163     -6.849    0.234 
 452657.00    30.4543087276   114.6526517929     22.429    -19.352     -6.912    0.290 
 452658.00    30.4542463883   114.6524489975     22.685    -19.593     -6.916    0.284 
 452659.00    30.4541837856   114.6522439012     22.936    -19.769     -6.952    0.307 
 452660.00    30.4541208936   114.6520373572     23.190    -19.909     -7.006    0.229 
 452661.00    30.4540571144   114.6518295626     23.453    -20.026     -7.134    0.196 
 452662.00    30.4539924489   114.6516204348     23.698    -20.164     -7.216    0.219 
 452663.00    30.4539273269   114.6514103622     23.926    -20.078     -7.165    0.158 
 452664.00    30.4538635530   114.6512039503     24.156    -19.576     -6.978    0.200 
 452665.00    30.4538015425   114.6510026064     24.345    -19.131     -6.772    0.143 
 452666.00    30.4537413857   114.6508042348     24.501    -19.026     -6.602    0.136 
 452667.00    30.4536818223   114.6506057826     24.630    -19.095     -6.635    0.116 
 452668.00    30.4536215855   114.6504066538     24.753    -19.164     -6.726    0.077 
 452669.00    30.4535605163   114.6502067236     24.848    -19.253     -6.827    0.059 
 452670.00    30.4534983838   114.6500055271     24.921    -19.379     -6.958    0.039 
 452671.00    30.4534352851   114.6498033713     24.959    -19.387     -7.011   -0.000 
 452672.00    30.4533722517   114.6496017114     24.995    -19.363     -6.955    0.060 
 452673.00    30.4533097964   114.6493994835     25.024    -19.501     -6.899   -0.015 
 452674.00    30.4532477661   114.6491960093     25.010    -19.554     -6.853    0.025 
 452675.00    30.4531861134   114.6489931428     25.013    -19.377     -6.805    0.053 
 452676.00    30.4531248671   114.6487926586     25.021    -19.086     -6.726   -0.009 
 452677.00    30.4530649853   114.6485959609     25.014    -18.717     -6.511   -0.031 
 452678.00    30.4530076683   114.6484027353     24.944    -18.421     -6.161   -0.030 
 452679.00    30.4529548237   114.6482119538     24.834    -18.218     -5.585   -0.189 
 452680.00    30.4529058289   114.6480235558     24.661    -17.966     -5.252   -0.172 
 452681.00    30.4528602651   114.6478374523     24.464    -17.797     -4.793   -0.213 
 452682.00    30.4528192726   114.6476517995     24.258    -17.897     -4.288   -0.208 
 452683.00    30.4527822922   114.6474639794     23.994    -18.182     -3.925   -0.336 
 452684.00    30.4527482358   114.6472732749     23.688    -18.453     -3.620   -0.300 
 452685.00    30.4527167780   114.6470797700     23.404    -18.709     -3.361   -0.275 
 452686.00    30.4526874634   114.6468844158     23.100    -18.735     -3.125   -0.304 
 452687.00    30.4526604343   114.6466905528     22.822    -18.500     -2.864   -0.247 
 452688.00    30.4526357798   114.6464988713     22.558    -18.366     -2.569   -0.273 
 452689.00    30.4526140668   114.6463073832     22.269    -18.436     -2.253   -0.294 
 452690.00    30.4525948221   114.6461144767     21.971    -18.608     -2.033   -0.256 
 452691.00    30.4525770459   114.6459200603     21.696    -18.725     -1.897   -0.261 
 452692.00    30.4525602109   114.6457248764     21.386    -18.743     -1.824   -0.293 
 452693.00    30.4525438670   114.6455300768     21.116    -18.674     -1.819   -0.238 
 452694.00    30.4525267851   114.6453360190     20.905    -18.616     -1.973   -0.262 
 452695.00    30.4525084210   114.6451426599     20.730    -18.553     -2.060   -0.172 
 452696.00    30.4524899627   114.6449491926     20.603    -18.642     -2.034   -0.171 
 452697.00    30.4524719332   114.6447547348     20.538    -18.719     -1.978   -0.055 
 452698.00    30.4524545515   114.6445594978     20.496    -18.751     -1.873   -0.016 
 452699.00    30.4524376612   114.6443649271     20.501    -18.633     -1.869    0.001 
 452700.00    30.4524204130   114.6441703796     20.570    -18.744     -1.965    0.095 
 452701.00    30.4524025783   114.6439741274     20.663    -18.952     -1.992    0.139 
 452702.00    30.4523847741   114.6437759829     20.814    -19.111     -1.943    0.125 
 452703.00    30.4523678397   114.6435760215     21.036    -19.288     -1.820    0.252 
 452704.00    30.4523515696   114.6433745217     21.253    -19.360     -1.822    0.242 
 452705.00    30.4523349024   114.6431751625     21.523    -18.898     -1.837    0.305 
 452706.00    30.4523186192   114.6429809038     21.835    -18.449     -1.773    0.346 
 452707.00    30.4523034318   114.6427900567     22.119    -18.263     -1.590    0.276 
 452708.00    30.4522895706   114.6425998209     22.386    -18.270     -1.543    0.295 
 452709.00    30.4522754808   114.6424095108     22.671    -18.299     -1.570    0.294 
 452710.00    30.4522613717   114.6422184809     22.933    -18.395     -1.539    0.234 
 452711.00    30.4522475884   114.6420278850     23.214    -18.115     -1.503    0.251 
 452712.00    30.4522340604   114.6418407873     23.477    -17.954     -1.506    0.254 
 452713.00    30.4522202347   114.6416531770     23.729    -18.105     -1.562    0.259 
 452714.00    30.4522059953   114.6414632881     23.963    -18.375     -1.612    0.242 
 452715.00    30.4521909182   114.6412704119     24.186    -18.678     -1.746    0.201 
 452716.00    30.4521744405   114.6410747774     24.404    -18.894     -1.911    0.187 
 452717.00    30.4521569038   114.6408773483     24.613    -19.028     -2.030    0.205 
 452718.00    30.4521376265   114.6406784994     24.825    -19.195     -2.241    0.215 
 452719.00    30.4521161495   114.6404778173     25.048    -19.368     -2.527    0.282 
 452720.00    30.4520925987   114.6402755344     25.293    -19.475     -2.648    0.276 
 452721.00    30.4520691012   114.6400724777     25.550    -19.548     -2.579    0.236 
 452722.00    30.4520461143   114.6398681964     25.782    -19.714     -2.513    0.268 
 452723.00    30.4520237063   114.6396617938     26.018    -19.934     -2.429    0.242 
 452724.00    30.4520024998   114.6394528704     26.218    -20.189     -2.254    0.199 
 452725.00    30.4519821742   114.6392410475     26.306    -20.483     -2.316    0.058 
 452726.00    30.4519608042   114.6390265029     26.340    -20.715     -2.385   -0.029 
 452727.00    30.4519387609   114.6388102737     26.279    -20.823     -2.508   -0.117 
 452728.00    30.4519159678   114.6385931806     26.104    -20.891     -2.577   -0.247 
 452729.00    30.4518923425   114.6383753974     25.927    -20.942     -2.720   -0.214 
 452730.00    30.4518670874   114.6381571474     25.722    -21.006     -2.821   -0.227 
 452731.00    30.4518413168   114.6379386237     25.553    -20.892     -2.903   -0.170 
 452732.00    30.4518148757   114.6377230591     25.351    -20.564     -2.982   -0.186 
 452733.00    30.4517879710   114.6375092211     25.158    -20.557     -2.979   -0.180 
 452734.00    30.4517600824   114.6372944280     24.965    -20.723     -3.212   -0.192 
 452735.00    30.4517305619   114.6370774737     24.753    -20.952     -3.337   -0.208 
 452736.00    30.4517002525   114.6368589792     24.532    -20.974     -3.407   -0.181 
 452737.00    30.4516688202   114.6366413276     24.325    -20.858     -3.551   -0.190 
 452738.00    30.4516367511   114.6364245722     24.149    -20.796     -3.539   -0.232 
 452739.00    30.4516050664   114.6362086526     23.945    -20.713     -3.487   -0.203 
 452740.00    30.4515746654   114.6359928480     23.776    -20.656     -3.138   -0.164 
 452741.00    30.4515453970   114.6357798080     23.615    -20.254     -3.412   -0.161 
 452742.00    30.4515138697   114.6355710697     23.464    -19.857     -3.545   -0.145 
 452743.00    30.4514820255   114.6353661609     23.308    -19.519     -3.479   -0.181 
 452744.00    30.4514515150   114.6351644490     23.124    -19.256     -3.311   -0.172 
 452745.00    30.4514216452   114.6349651252     22.984    -19.057     -3.307   -0.168 
 452746.00    30.4513923253   114.6347673228     22.801    -18.950     -3.183   -0.159 
 452747.00    30.4513639201   114.6345702195     22.649    -18.920     -3.149   -0.142 
 452748.00    30.4513352778   114.6343732721     22.514    -18.921     -3.195   -0.158 
 452749.00    30.4513064112   114.6341762470     22.344    -18.931     -3.216   -0.142 
 452750.00    30.4512773205   114.6339790332     22.177    -18.956     -3.237   -0.198 
 452751.00    30.4512478282   114.6337815346     22.004    -18.997     -3.302   -0.192 
 452752.00    30.4512180258   114.6335836709     21.801    -19.033     -3.306   -0.202 
 452753.00    30.4511884652   114.6333852428     21.607    -19.092     -3.275   -0.219 
 452754.00    30.4511591076   114.6331861594     21.414    -19.150     -3.250   -0.202 
 452755.00    30.4511296892   114.6329863619     21.188    -19.217     -3.274   -0.188 
 452756.00    30.4510999781   114.6327858738     20.990    -19.281     -3.324   -0.198 
 452757.00    30.4510701509   114.6325846244     20.778    -19.362     -3.290   -0.212 
 452758.00    30.4510403687   114.6323825914     20.567    -19.434     -3.333   -0.221 
 452759.00    30.4510100873   114.6321800098     20.384    -19.479     -3.382   -0.207 
 452760.00    30.4509795493   114.6319769030     20.233    -19.524     -3.392   -0.185 
 452761.00    30.4509489889   114.6317733700     20.068    -19.569     -3.385   -0.148 
 452762.00    30.4509187842   114.6315693869     19.949    -19.611     -3.332   -0.104 
 452763.00    30.4508888201   114.6313651245     19.826    -19.622     -3.316   -0.099 
 452764.00    30.4508587213   114.6311607537     19.740    -19.629     -3.352   -0.048 
 452765.00    30.4508281765   114.6309565364     19.723    -19.600     -3.391   -0.040 
 452766.00    30.4507977814   114.6307525102     19.683    -19.575     -3.334   -0.036 
 452767.00    30.4507683334   114.6305504411     19.675    -19.204     -3.181   -0.026 
 452768.00    30.4507400694   114.6303527141     19.670    -18.769     -3.157   -0.018 
 452769.00    30.4507115137   114.6301595013     19.690    -18.391     -3.139   -0.022 
 452770.00    30.4506832767   114.6299693369     19.712    -18.166     -3.124    0.009 
 452771.00    30.4506556035   114.6297819549     19.725    -17.819     -3.014    0.119 
 452772.00    30.4506283539   114.6295977108     19.733    -17.578     -3.019   -0.008 
 452773.00    30.4506007488   114.6294160026     19.768    -17.344     -3.070    0.034 
 452774.00    30.4505738054   114.6292362667     19.775    -17.187     -2.915   -0.026 
 452775.00    30.4505481354   114.6290589320     19.759    -16.860     -2.802    0.002 
 452776.00    30.4505231135   114.6288853306     19.737    -16.529     -2.727    0.009 
 452777.00    30.4504987444   114.6287135205     19.782    -16.499     -2.681   -0.021 
 452778.00    30.4504743991   114.6285416955     19.776    -16.477     -2.728   -0.012 
 452779.00    30.4504498836   114.6283716011     19.775    -16.190     -2.730    0.015 
 452780.00    30.4504249972   114.6282030034     19.795    -16.255     -2.758   -0.010 
 452781.00    30.4503999841   114.6280331318     19.801    -16.330     -2.774    0.015 
 452782.00    30.4503747104   114.6278637955     19.791    -16.203     -2.921   -0.031 
 452783.00    30.4503473408   114.6276951543     19.807    -16.219     -3.082    0.020 
 452784.00    30.4503193127   114.6275257358     19.803    -16.331     -3.109   -0.007 
 452785.00    30.4502919401   114.6273554243     19.785    -16.339     -2.961   -0.029 
 452786.00    30.4502657684   114.6271855905     19.754    -16.277     -2.847   -0.013 
 452787.00    30.4502407802   114.6270164325     19.770    -16.221     -2.709   -0.009 
 452788.00    30.4502164249   114.6268477916     19.712    -16.158     -2.700    0.038 
 452789.00    30.4501919887   114.6266796700     19.721    -16.158     -2.742   -0.045 
 452790.00    30.4501671875   114.6265102804     19.717    -16.416     -2.723   -0.034 
 452791.00    30.4501427256   114.6263375359     19.681    -16.750     -2.703    0.038 
 452792.00    30.4501181146   114.6261620541     19.668    -16.853     -2.742   -0.000 
 452793.00    30.4500929815   114.6259883221     19.643    -16.493     -2.816    0.008 
 452794.00    30.4500675236   114.6258180141     19.665    -16.235     -2.850    0.030 
 452795.00    30.4500418086   114.6256508702     19.691    -15.871     -2.855    0.005 
 452796.00    30.4500155824   114.6254877978     19.694    -15.472     -2.999   -0.023 
 452797.00    30.4499876719   114.6253289552     19.697    -15.086     -3.138    0.012 
 452798.00    30.4499589760   114.6251725079     19.694    -15.052     -3.233   -0.032 
 452799.00    30.4499293501   114.6250153865     19.680    -15.111     -3.346   -0.063 
 452800.00    30.4498989043   114.6248594775     19.650    -14.825     -3.421   -0.049 
 452801.00    30.4498676218   114.6247062577     19.616    -14.630     -3.525    0.057 
 452802.00    30.4498353141   114.6245554649     19.624    -14.323     -3.600   -0.004 
 452803.00    30.4498027412   114.6244082095     19.607    -13.987     -3.561   -0.063 
 452804.00    30.4497714655   114.6242641990     19.580    -13.673     -3.418   -0.001 
 452805.00    30.4497407525   114.6241236811     19.558    -13.288     -3.524    0.008 
 452806.00    30.4497062874   114.6239886005     19.550    -12.651     -4.114   -0.029 
 452807.00    30.4496678670   114.6238599243     19.527    -12.149     -4.334   -0.031 
 452808.00    30.4496286438   114.6237357526     19.448    -11.641     -4.312   -0.119 
 452809.00    30.4495902954   114.6236186422     19.356    -10.871     -4.234    0.054 
 452810.00    30.4495523268   114.6235070457     19.295    -10.560     -4.168   -0.055 
 452811.00    30.4495153319   114.6233987696     19.269    -10.251     -4.031   -0.017 
 452812.00    30.4494799943   114.6232939139     19.280     -9.890     -3.800    0.004 
 452813.00    30.4494458171   114.6231931980     19.291     -9.484     -3.722   -0.017 
 452814.00    30.4494131214   114.6230965055     19.309     -9.107     -3.539    0.012 
 452815.00    30.4493812651   114.6230022536     19.311     -9.044     -3.563   -0.005 
 452816.00    30.4493480838   114.6229076733     19.310     -9.153     -3.834    0.001 
 452817.00    30.4493123393   114.6228114160     19.318     -9.391     -4.104   -0.029 
 452818.00    30.4492739917   114.6227126675     19.308     -9.533     -4.394   -0.037 
 452819.00    30.4492336243   114.6226135128     19.292     -9.580     -4.538   -0.029 
 452820.00    30.4491918384   114.6225125175     19.290     -9.836     -4.706    0.017 
 452821.00    30.4491486310   114.6224089965     19.291    -10.107     -4.906   -0.028 
 452822.00    30.4491029711   114.6223014930     19.266    -10.547     -5.258   -0.036 
 452823.00    30.4490542856   114.6221903699     19.268    -10.707     -5.509    0.021 
 452824.00    30.4490042984   114.6220803393     19.270    -10.407     -5.557    0.047 
 452825.00    30.4489536585   114.6219734711     19.279    -10.128     -5.688   -0.014 
 452826.00    30.4489023392   114.6218701908     19.289     -9.767     -5.687   -0.003 
 452827.00    30.4488509696   114.6217694124     19.278     -9.595     -5.672   -0.036 
 452828.00    30.4488005243   114.6216711536     19.249     -9.288     -5.522   -0.032 
 452829.00    30.4487514698   114.6215760157     19.208     -8.988     -5.360   -0.057 
 452830.00    30.4487031293   114.6214827905     19.147     -8.960     -5.408   -0.061 
 452831.00    30.4486535651   114.6213892630     19.089     -9.031     -5.559   -0.065 
 452832.00    30.4486030354   114.6212945123     19.007     -9.171     -5.639   -0.086 
 452833.00    30.4485516454   114.6211981961     18.927     -9.365     -5.777   -0.103 
 452834.00    30.4484987286   114.6210995283     18.833     -9.555     -5.945   -0.112 
 452835.00    30.4484452290   114.6210007251     18.736     -9.391     -5.885   -0.141 
 452836.00    30.4483921651   114.6209033639     18.627     -9.428     -5.944   -0.143 
 452837.00    30.4483376052   114.6208036702     18.484     -9.745     -6.181   -0.186 
 452838.00    30.4482813383   114.6207006036     18.314    -10.059     -6.308   -0.153 
 452839.00    30.4482237428   114.6205943699     18.135    -10.295     -6.417   -0.196 
 452840.00    30.4481658248   114.6204868630     17.944    -10.407     -6.474   -0.181 
 452841.00    30.4481065796   114.6203769003     17.764    -10.684     -6.649   -0.196 
 452842.00    30.4480464717   114.6202659014     17.565    -10.705     -6.702   -0.196 
 452843.00    30.4479850627   114.6201526818     17.363    -10.992     -6.885   -0.197 
 452844.00    30.4479233631   114.6200386040     17.164    -10.888     -6.784   -0.228 
 452845.00    30.4478627751   114.6199261871     16.972    -10.715     -6.654   -0.198 
 452846.00    30.4478031337   114.6198155801     16.783    -10.572     -6.599   -0.167 
 452847.00    30.4477436265   114.6197056536     16.605    -10.535     -6.594   -0.200 
 452848.00    30.4476845751   114.6195967143     16.405    -10.386     -6.509   -0.226 
 452849.00    30.4476262931   114.6194894642     16.194    -10.213     -6.416   -0.200 
 452850.00    30.4475688380   114.6193840871     16.012    -10.024     -6.315   -0.148 
 452851.00    30.4475125659   114.6192805392     15.841     -9.860     -6.159   -0.179 
 452852.00    30.4474576659   114.6191786492     15.679     -9.697     -6.005   -0.120 
 452853.00    30.4474041636   114.6190785663     15.526     -9.516     -5.858   -0.146 
 452854.00    30.4473517835   114.6189805219     15.359     -9.324     -5.763   -0.207 
 452855.00    30.4473002608   114.6188847859     15.207     -9.085     -5.650   -0.141 
 452856.00    30.4472503055   114.6187909690     15.056     -8.931     -5.419   -0.131 
 452857.00    30.4472023642   114.6186988345     14.930     -8.744     -5.226   -0.112 
 452858.00    30.4471558452   114.6186089878     14.810     -8.500     -5.109   -0.133 
 452859.00    30.4471102428   114.6185220371     14.703     -8.213     -5.007   -0.115 
 452860.00    30.4470655634   114.6184380782     14.620     -7.910     -4.894   -0.035 
