
   GPSTime         Latitude        Longitude      H-Ell          Roll         Pitch       Heading  
     (sec)            (Deg)            (Deg)        (m)         (Deg)         (Deg)         (Deg)  
450670.000    30.4888589105   114.5587749170     27.227    3.20758436    2.71253921   99.13324829 
450671.000    30.4888483121   114.5588620461     27.308    3.36701264    2.51092916   98.91886596 
450672.000    30.4888378313   114.5589518297     27.434    3.42949024    2.56237081   98.71591662 
450673.000    30.4888274142   114.5590425578     27.552    3.47025453    2.31492966   98.62008962 
450674.000    30.4888167400   114.5591342976     27.656    3.47129923    2.51046454   98.84690992 
450675.000    30.4888051736   114.5592268594     27.761    3.65931946    2.56771907   99.37342197 
450676.000    30.4887924971   114.5593207805     27.864    3.59525039    2.55603671  100.01399224 
450677.000    30.4887786041   114.5594165502     27.972    3.57213734    2.65832317  100.59019540 
450678.000    30.4887637111   114.5595141423     28.061    3.79923099    2.52371219  100.85850191 
450679.000    30.4887486144   114.5596137130     28.148    4.15682322    2.48956720  100.63562277 
450680.000    30.4887333589   114.5597153886     28.216    4.15591131    2.43972060  100.56507099 
450681.000    30.4887182298   114.5598186339     28.256    4.06714062    2.04952270  100.25276875 
450682.000    30.4887034329   114.5599226230     28.303    4.04403752    2.19456630   99.95558303 
450683.000    30.4886888066   114.5600274403     28.326    4.02765228    1.80822619   99.74403050 
450684.000    30.4886742648   114.5601331199     28.372    3.99181687    2.02255892   99.63521658 
450685.000    30.4886595639   114.5602399523     28.401    3.93068064    2.21460851   99.65146718 
450686.000    30.4886444022   114.5603487985     28.424    4.04206396    2.15822304   99.70253171 
450687.000    30.4886287596   114.5604596717     28.442    4.05511831    1.96662131   99.78212198 
450688.000    30.4886126456   114.5605722873     28.485    4.28439686    2.14426203   99.85287408 
450689.000    30.4885962973   114.5606862584     28.527    4.10453199    1.96915607   99.88289495 
450690.000    30.4885797951   114.5608009610     28.554    4.33363515    1.91668623   99.86067110 
450691.000    30.4885630678   114.5609163328     28.584    4.14612615    2.03933056   99.90447415 
450692.000    30.4885463080   114.5610312426     28.620    4.14736856    2.00177233   99.92881986 
450693.000    30.4885296020   114.5611452009     28.659    4.23000506    2.07993145   99.81665640 
450694.000    30.4885132718   114.5612589699     28.696    4.24654150    2.08989835   99.50841641 
450695.000    30.4884972189   114.5613730828     28.733    4.29503309    2.12994425   99.36330294 
450696.000    30.4884811553   114.5614878986     28.762    4.18175655    2.15564738   99.30821103 
450697.000    30.4884648734   114.5616040592     28.798    4.28699567    2.11070352   99.28420931 
450698.000    30.4884483471   114.5617218720     28.834    4.12937139    2.23510537   99.25664768 
450699.000    30.4884315248   114.5618413335     28.862    4.02599799    2.10531371   99.20143567 
450700.000    30.4884144608   114.5619623472     28.904    4.23829683    2.26183079   99.20582717 
450701.000    30.4883971940   114.5620847545     28.947    4.34043708    2.25622694   99.19377120 
450702.000    30.4883798174   114.5622077672     28.975    4.14814305    2.05374120   99.21314338 
450703.000    30.4883626180   114.5623290751     29.004    4.35659958    2.11660060   99.19655368 
450704.000    30.4883456443   114.5624485070     29.033    4.30952110    2.04009878   99.21828947 
450705.000    30.4883284756   114.5625685867     29.063    4.25800956    2.15263648   99.19954621 
450706.000    30.4883111277   114.5626903835     29.071    4.31053386    2.03704616   99.11259311 
450707.000    30.4882937616   114.5628135651     29.068    4.31581857    2.03002751   98.95910201 
450708.000    30.4882767011   114.5629356792     29.055    4.44978229    1.80808235   98.85117695 
450709.000    30.4882601963   114.5630543833     29.007    4.30751234    1.72970906   98.81823952 
450710.000    30.4882440754   114.5631694083     28.971    4.49155195    1.81221560   98.85161472 
450711.000    30.4882285128   114.5632805944     28.935    4.19781763    1.66968101   98.76633135 
450712.000    30.4882139390   114.5633879542     28.914    3.91838443    1.81805000   98.36711044 
450713.000    30.4882006602   114.5634912478     28.881    3.98579449    1.78140438   97.86442816 
450714.000    30.4881885855   114.5635901759     28.847    3.95989329    1.66118385   97.46184438 
450715.000    30.4881775902   114.5636827429     28.821    3.70007268    1.67738072   97.29598488 
450716.000    30.4881675052   114.5637687909     28.808    3.27529712    1.64997816   97.24108891 
450717.000    30.4881574545   114.5638493581     28.798    3.54137189    1.88278656   97.63078846 
450718.000    30.4881478691   114.5639225938     28.808    3.84377689    1.88890803   98.00016696 
450719.000    30.4881392771   114.5639861191     28.821    4.11255215    1.91835252   98.23598362 
450720.000    30.4881321992   114.5640420580     28.856    4.69898109    2.57499825   97.17644669 
450721.000    30.4881303859   114.5640958258     28.942    5.75381124    3.06718305   90.00937687 
450722.000    30.4881395557   114.5641494148     29.105    5.86410283    4.00882572   76.75128166 
450723.000    30.4881601158   114.5642010820     29.267    5.59615405    4.23469409   63.19487499 
450724.000    30.4881920290   114.5642473899     29.471    4.99258396    4.25172163   49.12178438 
450725.000    30.4882346938   114.5642848227     29.685    4.73905243    4.23465270   34.55739090 
450726.000    30.4882864275   114.5643115551     29.899    4.51348140    3.97318410   22.08068478 
450727.000    30.4883427717   114.5643349230     30.131    3.87068326    3.94658272   19.56110706 
450728.000    30.4884020599   114.5643602601     30.392    4.31432729    4.11772043   19.66128332 
450729.000    30.4884650276   114.5643870101     30.638    4.38572936    3.94871606   19.60323848 
450730.000    30.4885316311   114.5644150551     30.910    4.06380135    4.13552983   19.45210769 
450731.000    30.4886014425   114.5644442739     31.192    3.97307774    3.90627978   19.32585214 
450732.000    30.4886729582   114.5644741920     31.460    3.96846671    3.65247261   19.31060220 
450733.000    30.4887433400   114.5645038727     31.729    4.16422410    3.85791255   19.42166298 
450734.000    30.4888104123   114.5645325640     31.978    4.36653220    3.27188252   19.75254443 
450735.000    30.4888711577   114.5645594573     32.158    4.30883576    2.74796907   20.56022672 
450736.000    30.4889249464   114.5645854206     32.347    4.78078340    3.19517961   22.30545415 
450737.000    30.4889733231   114.5646129754     32.505    4.74722045    3.61223336   26.45772411 
450738.000    30.4890161366   114.5646459843     32.708    4.36579413    3.72374759   34.31216972 
450739.000    30.4890528875   114.5646858855     32.781    3.56028442    2.17265808   43.65375515 
450740.000    30.4890827317   114.5647351163     32.785    3.22928821    1.91184248   56.09396528 
450741.000    30.4891003230   114.5647923382     32.831    3.60124374    2.67495263   71.43241066 
450742.000    30.4891037676   114.5648552596     32.869    3.50340752    2.35673327   87.60177962 
450743.000    30.4890959120   114.5649221302     32.880    4.49681290    2.44616270   96.80382340 
450744.000    30.4890853825   114.5649951225     32.893    4.72302240    2.59279969   97.94389462 
450745.000    30.4890746108   114.5650747369     32.926    4.77329295    2.66704027   97.38578434 
450746.000    30.4890637403   114.5651603170     32.946    4.57408711    2.45292164   96.97247321 
450747.000    30.4890522658   114.5652512213     32.988    4.71877678    2.72019893   96.80462388 
450748.000    30.4890411741   114.5653471389     33.026    4.80437492    2.48799598   95.99696598 
450749.000    30.4890299222   114.5654490166     33.076    4.69471439    2.71399558   95.84086835 
450750.000    30.4890177707   114.5655562006     33.161    4.55967615    2.80039858   96.24247241 
450751.000    30.4890034909   114.5656677003     33.252    4.70684969    2.85871094   97.25886877 
450752.000    30.4889882321   114.5657832211     33.364    4.69906991    2.85460850   96.93216763 
450753.000    30.4889736570   114.5659018604     33.487    4.76352469    2.82139674   96.46997750 
450754.000    30.4889589409   114.5660219729     33.630    4.68995911    2.90097955   96.55513518 
450755.000    30.4889435065   114.5661432177     33.789    4.63001932    2.86509107   96.97354944 
450756.000    30.4889270141   114.5662648489     33.922    4.66579977    2.72127446   97.43883912 
450757.000    30.4889098774   114.5663864056     34.070    4.92239078    2.76337853   97.68683396 
450758.000    30.4888926117   114.5665075574     34.231    4.94132847    2.88500388   97.67372183 
450759.000    30.4888761543   114.5666285681     34.366    4.94977277    2.69282372   97.09949177 
450760.000    30.4888600676   114.5667507847     34.517    4.79534382    2.83885444   96.98641392 
450761.000    30.4888440499   114.5668749591     34.674    4.98724443    2.91356909   96.51097735 
450762.000    30.4888296188   114.5670012721     34.836    5.22713805    2.74222644   95.44784516 
450763.000    30.4888166991   114.5671291827     35.001    4.21590182    2.84827334   94.83033837 
450764.000    30.4888049733   114.5672566523     35.170    3.99938607    2.88563009   94.07422874 
450765.000    30.4887946177   114.5673838602     35.341    2.77317487    2.79673682   93.59395909 
450766.000    30.4887839332   114.5675120424     35.506    3.70868565    2.72778936   93.68449597 
450767.000    30.4887747121   114.5676417020     35.666    4.09694971    2.81882334   92.26972994 
450768.000    30.4887672255   114.5677729860     35.814    4.40974623    2.90302761   91.87389454 
450769.000    30.4887598756   114.5679059527     36.012    4.19800730    2.93694798   91.89551935 
450770.000    30.4887517892   114.5680410418     36.203    4.93630040    2.91219019   92.25524652 
450771.000    30.4887422590   114.5681783674     36.403    4.79156829    2.94063579   93.10908582 
450772.000    30.4887306066   114.5683178745     36.584    4.44193659    2.98586109   93.84903525 
450773.000    30.4887174825   114.5684597642     36.736    4.88046412    2.80370657   94.38925285 
450774.000    30.4887030444   114.5686039899     36.897    4.98023985    2.71884079   94.78609752 
450775.000    30.4886875830   114.5687505118     37.024    5.26568999    2.57077858   95.20391993 
450776.000    30.4886701871   114.5688991036     37.157    5.17833941    2.56206383   96.07772218 
450777.000    30.4886506130   114.5690497122     37.266    5.17541342    2.60336068   96.80389609 
450778.000    30.4886295369   114.5692024477     37.348    5.13667307    2.40097355   97.24187866 
450779.000    30.4886074215   114.5693575279     37.422    5.17570969    2.48724261   97.33356545 
450780.000    30.4885852698   114.5695151602     37.478    5.08190574    2.27683911   97.13187172 
450781.000    30.4885630326   114.5696753065     37.518    4.95581103    2.30273199   97.07510162 
450782.000    30.4885404236   114.5698379803     37.543    5.05771255    2.20592983   97.08769626 
450783.000    30.4885173137   114.5700031554     37.561    5.30335806    2.27709938   97.11269992 
450784.000    30.4884937899   114.5701708761     37.542    5.24354159    2.05733363   97.11818754 
450785.000    30.4884696665   114.5703411643     37.515    5.30043428    2.13234977   97.34612702 
450786.000    30.4884447909   114.5705131502     37.474    5.42134938    1.99842460   97.42573880 
450787.000    30.4884196609   114.5706856298     37.411    5.13783781    1.85926182   97.51456196 
450788.000    30.4883943849   114.5708587605     37.317    5.41153307    1.68416115   97.36482190 
450789.000    30.4883690585   114.5710328358     37.221    5.56525612    1.67620498   97.46424763 
450790.000    30.4883432976   114.5712079459     37.110    5.65335254    1.71483444   97.54293454 
450791.000    30.4883174220   114.5713838269     36.977    5.19499149    1.49121623   97.45411496 
450792.000    30.4882920357   114.5715588676     36.803    5.12912653    1.35260975   97.30018008 
450793.000    30.4882670585   114.5717325312     36.629    5.21996377    1.40018341   97.23768603 
450794.000    30.4882422868   114.5719049800     36.433    5.40981165    1.23211451   97.24941322 
450795.000    30.4882174487   114.5720767235     36.219    5.22596005    1.36527408   97.36701893 
450796.000    30.4881929200   114.5722482330     35.992    5.19600594    1.22933867   97.04680342 
450797.000    30.4881690049   114.5724197419     35.753    5.51653671    1.22567843   96.91711470 
450798.000    30.4881449024   114.5725912158     35.483    5.39326376    1.04618006   97.12532710 
450799.000    30.4881202514   114.5727626682     35.201    5.44285608    1.06935782   97.18886639 
450800.000    30.4880957340   114.5729340688     34.910    5.19901931    0.88839356   97.14415785 
450801.000    30.4880712718   114.5731055862     34.598    5.16608008    0.91315710   97.12970888 
450802.000    30.4880468101   114.5732774802     34.281    5.32117368    0.87328835   97.08728287 
450803.000    30.4880222196   114.5734501625     33.968    5.35720206    0.97379763   97.09374435 
450804.000    30.4879974437   114.5736238578     33.651    5.29935450    0.96899133   97.11143761 
450805.000    30.4879723845   114.5737985193     33.337    5.15287586    1.03512386   97.16777782 
450806.000    30.4879470527   114.5739741947     32.999    5.17208598    0.98101415   97.17877761 
450807.000    30.4879220345   114.5741508687     32.668    5.24194159    0.97686293   96.84668692 
450808.000    30.4878973854   114.5743283798     32.335    5.31263459    0.89705152   96.82958994 
450809.000    30.4878724972   114.5745065349     31.993    4.95041702    0.92555843   96.91339180 
450810.000    30.4878474042   114.5746852836     31.674    5.06662565    0.85773723   96.91412955 
450811.000    30.4878219874   114.5748644109     31.353    5.20275627    1.10636366   97.04427786 
450812.000    30.4877963067   114.5750440529     31.032    5.19495704    0.98649159   97.07408687 
450813.000    30.4877705468   114.5752241674     30.694    5.27363986    1.13997722   97.02336618 
450814.000    30.4877449703   114.5754048048     30.360    5.27156475    0.89493258   96.94955725 
450815.000    30.4877192656   114.5755859291     30.021    5.19888112    1.02504689   97.06764760 
450816.000    30.4876930802   114.5757674720     29.698    5.21473424    0.94090941   97.17313677 
450817.000    30.4876672514   114.5759491889     29.373    5.49518999    0.85820671   96.81479645 
450818.000    30.4876422824   114.5761302586     29.040    5.31207352    0.76323119   96.71556817 
450819.000    30.4876174366   114.5763095510     28.723    4.95156046    0.81000843   96.87320022 
450820.000    30.4875923200   114.5764865988     28.394    5.02535714    0.86774385   97.07739468 
450821.000    30.4875669291   114.5766614374     28.068    5.06073293    0.82600079   97.28943470 
450822.000    30.4875413662   114.5768341164     27.737    4.93843356    0.82947759   97.45664226 
450823.000    30.4875158748   114.5770046825     27.408    5.29266767    0.83472425   97.42067724 
450824.000    30.4874911788   114.5771732523     27.091    5.19842328    0.83204836   97.15391970 
450825.000    30.4874672748   114.5773397572     26.794    5.13524135    0.72123705   97.14011937 
450826.000    30.4874435936   114.5775041647     26.490    5.40628235    0.64490406   97.09438973 
450827.000    30.4874201788   114.5776666249     26.185    4.98584725    0.73900834   97.17643462 
450828.000    30.4873966474   114.5778278707     25.886    5.29917236    0.84415209   97.29841031 
450829.000    30.4873731045   114.5779881835     25.587    5.33989091    0.96058866   97.20763671 
450830.000    30.4873504222   114.5781466612     25.320    4.98325969    0.81481309   97.02797132 
450831.000    30.4873284345   114.5783028909     25.017    4.74979171    0.56687678   96.91283777 
450832.000    30.4873071543   114.5784560720     24.739    5.25811753    0.55320114   96.68310930 
450833.000    30.4872868332   114.5786056854     24.472    5.33417290    0.72602207   96.53715208 
450834.000    30.4872671877   114.5787516252     24.194    4.98378785    0.90685088   96.55001993 
450835.000    30.4872481303   114.5788938623     23.951    4.75845869    0.13122714   96.43844044 
450836.000    30.4872296111   114.5790322516     23.732    4.54306426    0.89948430   96.43609897 
450837.000    30.4872116245   114.5791659710     23.535    4.72094883    0.91272924   96.52492319 
450838.000    30.4871940555   114.5792933312     23.383    5.10695987    1.15309825   96.74677052 
450839.000    30.4871773006   114.5794131306     23.232    4.74357495    0.84079718   96.88734120 
450840.000    30.4871615222   114.5795246500     23.071    4.56518303    0.80460020   96.94486278 
450841.000    30.4871467956   114.5796275466     22.946    5.02123211    0.84569647   97.01169827 
450842.000    30.4871332791   114.5797213688     22.837    4.97655064    0.95443602   97.11382144 
450843.000    30.4871210212   114.5798056138     22.751    5.03965356    1.08253372   97.19130786 
450844.000    30.4871103421   114.5798786112     22.666    4.85783175    0.94971692   97.26230289 
450845.000    30.4871018052   114.5799372592     22.600    4.34691998    0.71506074   97.27821505 
450846.000    30.4870957813   114.5799791771     22.557    4.32020882    0.70607046   97.07783871 
450847.000    30.4870920479   114.5800056564     22.534    4.37098362    0.99413564   96.92893383 
450848.000    30.4870891187   114.5800266053     22.513    4.39762730    1.05026925   96.80712072 
450849.000    30.4870867896   114.5800436156     22.500    4.42585535    1.18400280   96.70171651 
450850.000    30.4870852111   114.5800552115     22.496    4.40740494    1.29924915   96.65142772 
450851.000    30.4870844118   114.5800611097     22.496    4.35145557    1.34425431   96.61056700 
450852.000    30.4870842932   114.5800620637     22.497    4.32358951    1.44261822   96.60059743 
450853.000    30.4870843018   114.5800620535     22.497    4.32524361    1.45506753   96.60001060 
450854.000    30.4870843024   114.5800620528     22.494    4.32046028    1.45924933   96.59457169 
450855.000    30.4870843056   114.5800620433     22.494    4.32914693    1.46500481   96.59020528 
450856.000    30.4870843004   114.5800620431     22.493    4.33384058    1.47180944   96.59118054 
450857.000    30.4870843072   114.5800620449     22.491    4.33384831    1.48661474   96.59526535 
450858.000    30.4870843084   114.5800620448     22.488    4.33458254    1.48510478   96.59106700 
450859.000    30.4870843076   114.5800620385     22.487    4.34048453    1.48620997   96.59499151 
450860.000    30.4870843137   114.5800620319     22.487    4.33119579    1.48997499   96.59221062 
450861.000    30.4870843082   114.5800620300     22.487    4.32896449    1.49040680   96.59104485 
450862.000    30.4870843143   114.5800620293     22.489    4.32845658    1.48470544   96.59236642 
450863.000    30.4870843121   114.5800620360     22.489    4.31971932    1.48461984   96.59453270 
450864.000    30.4870843076   114.5800620388     22.487    4.31906032    1.48622529   96.59778701 
450865.000    30.4870843134   114.5800620332     22.487    4.31265052    1.48693089   96.59820072 
450866.000    30.4870843203   114.5800620340     22.488    4.31021289    1.48126793   96.60355514 
450867.000    30.4870843187   114.5800620429     22.488    4.30983893    1.48467416   96.60063949 
450868.000    30.4870843120   114.5800620365     22.487    4.30899674    1.48396252   96.60887451 
450869.000    30.4870843024   114.5800620312     22.487    4.30938324    1.48095180   96.61522986 
450870.000    30.4870843089   114.5800620261     22.488    4.31409363    1.47640724   96.61714116 
450871.000    30.4870843073   114.5800620277     22.487    4.31576368    1.47133078   96.61357639 
450872.000    30.4870843121   114.5800620282     22.488    4.32118716    1.46898294   96.61611606 
450873.000    30.4870843180   114.5800620323     22.489    4.32166790    1.46477951   96.61533926 
450874.000    30.4870843212   114.5800620398     22.490    4.32664739    1.47194357   96.62088444 
450875.000    30.4870843194   114.5800620335     22.489    4.32818231    1.47304474   96.61971143 
450876.000    30.4870843114   114.5800620211     22.488    4.32921304    1.47393883   96.62303721 
450877.000    30.4870843138   114.5800620181     22.487    4.33469535    1.47534579   96.62111362 
450878.000    30.4870843155   114.5800620265     22.487    4.33211170    1.47626423   96.62225129 
450879.000    30.4870843140   114.5800620378     22.487    4.33221546    1.47828101   96.62612923 
450880.000    30.4870843247   114.5800620272     22.488    4.33853596    1.48432992   96.62101872 
450881.000    30.4870843278   114.5800620120     22.488    4.33871349    1.48437545   96.61754521 
450882.000    30.4870843205   114.5800620129     22.488    4.34272247    1.49043239   96.61257467 
450883.000    30.4870843175   114.5800620164     22.488    4.33873911    1.49238505   96.61185513 
450884.000    30.4870843113   114.5800620259     22.488    4.34225607    1.49903478   96.61305308 
450885.000    30.4870842891   114.5800621839     22.491    4.33445395    1.54828201   96.60713116 
450886.000    30.4870838456   114.5800654500     22.492    4.32170752    1.65599698   96.59382806 
450887.000    30.4870822856   114.5800771348     22.485    4.31542800    1.86513099   96.54362936 
450888.000    30.4870790047   114.5801018608     22.473    4.28160349    2.02698409   96.40573904 
450889.000    30.4870740018   114.5801398349     22.447    4.25586419    2.00203954   96.31278817 
450890.000    30.4870672824   114.5801897601     22.399    4.23847918    1.90871768   96.44650051 
450891.000    30.4870590524   114.5802498818     22.354    4.43516256    1.99981218   96.56383851 
450892.000    30.4870495731   114.5803186090     22.317    4.34649802    1.90924180   96.70843347 
450893.000    30.4870388609   114.5803944903     22.321    4.72071605    2.40006815   96.85587272 
450894.000    30.4870271232   114.5804766152     22.311    4.79953860    2.29718860   97.01132656 
450895.000    30.4870142841   114.5805647156     22.288    5.21195633    2.02880623   97.14965213 
450896.000    30.4870004263   114.5806588856     22.242    5.39305261    2.18966930   97.27286804 
450897.000    30.4869856007   114.5807592003     22.194    5.19143865    2.02924082   97.34798463 
450898.000    30.4869698887   114.5808653650     22.163    5.35295334    2.29319602   97.21646399 
450899.000    30.4869538381   114.5809766114     22.189    5.44783524    2.44693764   97.03479390 
450900.000    30.4869373094   114.5810925345     22.176    4.89629486    2.09442755   97.03415477 
450901.000    30.4869199879   114.5812129471     22.192    5.05764455    2.25194923   97.04097134 
450902.000    30.4869020705   114.5813374844     22.220    5.28389228    2.47798040   97.03359831 
450903.000    30.4868839118   114.5814656552     22.306    4.56614879    2.76079424   96.90762391 
450904.000    30.4868654514   114.5815972278     22.342    5.07492634    2.60113255   96.75617016 
450905.000    30.4868466796   114.5817319899     22.428    5.00095533    2.66363604   96.79944317 
450906.000    30.4868271865   114.5818696459     22.533    5.16121285    2.63892752   96.94555997 
450907.000    30.4868070208   114.5820100592     22.646    5.12449528    2.64142218   97.09204420 
450908.000    30.4867861859   114.5821530923     22.732    5.16254588    2.57993435   97.11585312 
450909.000    30.4867656463   114.5822988381     22.821    4.90416060    2.81867595   96.76750669 
450910.000    30.4867456983   114.5824471343     22.920    5.03005864    2.57702978   96.22633943 
450911.000    30.4867269081   114.5825981358     22.972    4.93209474    2.60497141   95.56105103 
450912.000    30.4867092041   114.5827516904     23.097    4.46545216    2.85972074   95.07258396 
450913.000    30.4866918449   114.5829072763     23.228    4.77258082    2.61382444   94.88832686 
450914.000    30.4866744976   114.5830649978     23.289    4.93395478    2.49029643   94.80035717 
450915.000    30.4866571381   114.5832247402     23.449    4.77705318    2.80285447   94.69353750 
450916.000    30.4866400320   114.5833864018     23.542    4.74531484    2.69421107   94.46484988 
450917.000    30.4866235986   114.5835499921     23.686    4.97948815    2.55940130   94.08868278 
450918.000    30.4866077315   114.5837154056     23.802    5.18305690    2.58988801   93.84322484 
450919.000    30.4865924519   114.5838826393     23.910    5.27330293    2.63610281   93.50832787 
450920.000    30.4865777916   114.5840516540     24.010    4.94737168    2.65809732   93.27119223 
450921.000    30.4865638155   114.5842224505     24.129    5.24078070    2.55693756   92.84503231 
450922.000    30.4865508605   114.5843949258     24.242    5.61351635    2.70929409   92.28648747 
450923.000    30.4865395349   114.5845690873     24.344    5.08455674    2.30479499   91.69748406 
450924.000    30.4865294852   114.5847447640     24.466    4.86939384    2.75036893   91.25733294 
450925.000    30.4865203587   114.5849215774     24.577    4.59613487    2.55671639   90.94225443 
450926.000    30.4865115999   114.5850980769     24.702    5.43716621    2.47801485   90.67712791 
450927.000    30.4865035863   114.5852743693     24.846    4.89139325    2.51783897   90.60203551 
450928.000    30.4864959038   114.5854505470     24.988    5.06947647    2.48322793   90.45009082 
450929.000    30.4864884586   114.5856268219     25.103    5.11151433    2.41308156   90.32617751 
450930.000    30.4864815644   114.5858031980     25.230    5.22628753    2.51244565   90.12757403 
450931.000    30.4864751664   114.5859796491     25.341    5.51445747    2.57659456   89.85595113 
450932.000    30.4864698779   114.5861561999     25.459    5.66063714    2.47820600   89.40451356 
450933.000    30.4864657824   114.5863328865     25.566    5.32787869    2.54719277   89.02173971 
450934.000    30.4864626153   114.5865095922     25.682    5.26190736    2.49094346   88.63037660 
450935.000    30.4864605346   114.5866860100     25.795    5.36602414    2.57636593   88.23570646 
450936.000    30.4864594237   114.5868623906     25.917    5.31176674    2.48083014   87.94085809 
450937.000    30.4864588614   114.5870391100     26.013    5.01601576    2.45283163   87.69771665 
450938.000    30.4864594334   114.5872163433     26.136    4.88941257    2.35598789   87.23320097 
450939.000    30.4864607694   114.5873942388     26.244    4.85226672    2.48850633   86.97185179 
450940.000    30.4864631388   114.5875728936     26.362    4.91386791    2.52515205   86.57629186 
450941.000    30.4864663608   114.5877523247     26.487    5.15995460    2.55068906   86.32177468 
450942.000    30.4864702512   114.5879326375     26.611    5.62866630    2.62181850   85.98873943 
450943.000    30.4864752758   114.5881137230     26.768    5.45684104    2.40214215   85.62427224 
450944.000    30.4864812323   114.5882955799     26.878    5.71301801    2.71180468   85.28369299 
450945.000    30.4864879270   114.5884783601     26.988    5.43402136    2.46262137   85.05578146 
450946.000    30.4864956560   114.5886617741     27.127    5.11675071    2.33976440   84.65227909 
450947.000    30.4865041772   114.5888454451     27.216    5.09439981    2.14675575   84.42874169 
450948.000    30.4865137019   114.5890256423     27.297    5.12091185    2.25730424   83.83984354 
450949.000    30.4865246000   114.5892008894     27.363    4.90552004    2.09001620   83.30620499 
450950.000    30.4865363677   114.5893713445     27.400    5.21090803    1.99269152   82.89346244 
450951.000    30.4865481201   114.5895373289     27.416    5.37779423    1.74676667   82.98183816 
450952.000    30.4865598971   114.5896985861     27.414    5.24249823    1.54898065   82.46081327 
450953.000    30.4865735078   114.5898521110     27.396    5.13356026    1.46945663   81.26734325 
450954.000    30.4865884906   114.5899959919     27.350    5.40576584    1.32871917   80.49079545 
450955.000    30.4866037327   114.5901297920     27.313    5.12936273    1.46438641   79.95871733 
450956.000    30.4866187365   114.5902529281     27.260    5.10959267    1.38198078   79.41772422 
450957.000    30.4866331904   114.5903649543     27.198    4.76958880    1.06863481   79.06811957 
450958.000    30.4866463422   114.5904657758     27.150    5.05173325    1.30707530   79.16679560 
450959.000    30.4866570996   114.5905571751     27.090    5.06117677    1.23430246   80.13951801 
450960.000    30.4866657824   114.5906388699     27.031    5.01949612    1.21559554   80.68348644 
450961.000    30.4866730074   114.5907092994     26.969    4.95108331    0.99309039   80.89775198 
450962.000    30.4866787772   114.5907672699     26.910    4.93942335    0.95379783   81.07493709 
450963.000    30.4866830104   114.5908111502     26.860    5.09926210    0.77818360   81.19374996 
450964.000    30.4866857089   114.5908396393     26.841    5.03917934    1.16271289   81.32121040 
450965.000    30.4866876698   114.5908605820     26.823    4.97848899    1.26370777   81.40026327 
450966.000    30.4866893350   114.5908777928     26.803    5.01966221    1.20425265   81.32817116 
450967.000    30.4866906301   114.5908913854     26.782    5.30294745    1.03915182   81.27751426 
450968.000    30.4866916262   114.5909011776     26.776    5.01065189    1.07035595   81.23339477 
450969.000    30.4866921352   114.5909064691     26.773    5.00304238    1.15290025   81.20461656 
450970.000    30.4866922985   114.5909079732     26.770    5.00339162    1.19447495   81.19444994 
450971.000    30.4866923655   114.5909085340     26.767    5.00539298    1.22943193   81.19123216 
450972.000    30.4866924437   114.5909092232     26.765    5.01260888    1.24722375   81.19112325 
450973.000    30.4866924768   114.5909095981     26.765    5.01666423    1.25539544   81.18044054 
450974.000    30.4866924601   114.5909096082     26.768    5.02604088    1.26655655   81.19444207 
450975.000    30.4866924626   114.5909096067     26.769    5.02892258    1.26886482   81.19959985 
450976.000    30.4866924585   114.5909096093     26.770    5.03565750    1.26774508   81.19459632 
450977.000    30.4866924495   114.5909096121     26.769    5.03614868    1.26796418   81.19547250 
450978.000    30.4866924525   114.5909096051     26.768    5.03396546    1.26578263   81.19804284 
450979.000    30.4866924665   114.5909095997     26.768    5.03355834    1.26228613   81.19721894 
450980.000    30.4866924717   114.5909096001     26.769    5.03213996    1.26762620   81.20347362 
450981.000    30.4866924712   114.5909096171     26.771    5.03172025    1.26767125   81.20197052 
450982.000    30.4866924643   114.5909096225     26.772    5.03754266    1.26910186   81.20475248 
450983.000    30.4866924619   114.5909096182     26.772    5.04024627    1.28007047   81.20881262 
450984.000    30.4866924598   114.5909096073     26.771    5.03684623    1.28478395   81.20932968 
450985.000    30.4866924612   114.5909096110     26.768    5.03174779    1.28906640   81.21076112 
450986.000    30.4866924561   114.5909096129     26.768    5.02633366    1.29409016   81.21296077 
450987.000    30.4866924453   114.5909096069     26.769    5.03042247    1.29654854   81.21695685 
450988.000    30.4866924387   114.5909095974     26.769    5.01558698    1.30297136   81.21718212 
450989.000    30.4866924367   114.5909095953     26.770    5.03036111    1.30642148   81.21951987 
450990.000    30.4866924394   114.5909096073     26.771    5.01933093    1.29332444   81.22019993 
450991.000    30.4866924470   114.5909096084     26.770    5.01585606    1.29031842   81.22076664 
450992.000    30.4866924577   114.5909095952     26.769    5.02686478    1.28371050   81.22974019 
450993.000    30.4866924528   114.5909095971     26.768    5.02869646    1.27898151   81.23072608 
450994.000    30.4866925397   114.5909108253     26.769    5.08512522    1.36882156   81.23184285 
450995.000    30.4866932045   114.5909176686     26.769    5.16429320    1.72062757   81.19651510 
450996.000    30.4866949408   114.5909351702     26.760    5.08823205    1.82069228   81.20637161 
450997.000    30.4866980638   114.5909658902     26.727    5.06069575    1.75615318   81.05092569 
450998.000    30.4867025513   114.5910084764     26.679    4.97991427    1.72567177   80.82542283 
450999.000    30.4867082157   114.5910618621     26.618    5.10695193    1.74439174   80.68949509 
451000.000    30.4867151575   114.5911251946     26.543    5.06232741    1.75720486   80.39626889 
451001.000    30.4867236558   114.5911976037     26.448    5.19042973    1.50339692   79.87271568 
451002.000    30.4867336914   114.5912785236     26.336    5.27778925    1.39758380   79.48466022 
451003.000    30.4867450781   114.5913673351     26.213    5.23603307    1.45964525   79.21971955 
451004.000    30.4867575004   114.5914632733     26.084    5.86707942    1.43358061   79.10795980 
451005.000    30.4867711310   114.5915658962     25.927    5.14567375    1.83184086   78.99381982 
451006.000    30.4867858679   114.5916749379     25.764    5.33394971    1.20891336   78.79045172 
451007.000    30.4868015574   114.5917900577     25.588    5.14120823    1.34150886   78.75011696 
451008.000    30.4868182117   114.5919107471     25.398    5.26008684    1.20234522   78.58215922 
451009.000    30.4868359927   114.5920365607     25.209    5.06107141    1.40662767   78.30509773 
451010.000    30.4868554090   114.5921671861     25.001    5.25107628    1.17807529   77.78306376 
451011.000    30.4868763342   114.5923024527     24.794    5.07983367    1.13815658   77.53234381 
451012.000    30.4868976244   114.5924423514     24.579    4.92929751    1.17975365   77.85588264 
451013.000    30.4869188780   114.5925868881     24.361    5.07577938    1.37340495   78.14968645 
451014.000    30.4869403811   114.5927358051     24.132    5.36149602    1.29247238   78.27118750 
451015.000    30.4869626655   114.5928889243     23.893    4.91137603    1.14673087   78.08131339 
451016.000    30.4869862004   114.5930457763     23.646    4.82244660    1.17742850   77.74807508 
451017.000    30.4870105922   114.5932028397     23.397    4.72290444    1.03908717   77.42853220 
451018.000    30.4870353080   114.5933581918     23.150    4.88045322    1.06406345   77.21109268 
451019.000    30.4870604176   114.5935134845     22.899    5.02501861    1.10258252   77.09998537 
451020.000    30.4870859754   114.5936697206     22.644    5.33366210    1.14208454   76.84982270 
451021.000    30.4871130013   114.5938269389     22.401    5.25342413    1.11160681   76.25827027 
451022.000    30.4871417367   114.5939850666     22.148    5.06225559    1.06005598   75.64477401 
451023.000    30.4871717996   114.5941423689     21.881    5.20729176    0.79933342   75.05600363 
451024.000    30.4872027996   114.5942980275     21.625    5.16351708    1.06917420   74.62820719 
451025.000    30.4872347302   114.5944527784     21.397    5.42544850    1.18839944   74.20875091 
451026.000    30.4872674907   114.5946068995     21.136    4.76379047    1.21260688   73.83947982 
451027.000    30.4873014940   114.5947602917     20.899    5.44575053    1.23473807   73.11037164 
451028.000    30.4873365299   114.5949130382     20.671    5.41420890    1.21601294   72.78468321 
451029.000    30.4873720439   114.5950649076     20.430    5.58800771    1.31088436   72.43513808 
451030.000    30.4874084124   114.5952157857     20.208    5.54357568    1.15594753   72.11061822 
451031.000    30.4874452483   114.5953661658     19.961    5.14837194    1.15153267   72.01398146 
451032.000    30.4874821561   114.5955162483     19.729    5.25233195    1.20885027   71.88120636 
451033.000    30.4875192393   114.5956660272     19.489    5.31229800    1.05337811   71.75900976 
451034.000    30.4875569943   114.5958153432     19.252    5.24175886    1.08066079   71.30566334 
451035.000    30.4875956540   114.5959643686     19.019    5.14162264    1.06551873   71.07839462 
451036.000    30.4876339549   114.5961145509     18.782    5.32242589    1.32430309   71.56151312 
451037.000    30.4876723366   114.5962672122     18.523    5.49116053    0.75767823   71.51397916 
451038.000    30.4877122283   114.5964219765     18.270    4.75310300    1.28009571   70.92568216 
451039.000    30.4877545946   114.5965771480     18.048    4.82611386    1.07484347   69.82583775 
451040.000    30.4877991211   114.5967312683     17.768    4.98236248    1.02616959   68.98530538 
451041.000    30.4878450751   114.5968840806     17.521    5.06688152    0.95685134   68.47237102 
451042.000    30.4878912799   114.5970350488     17.280    4.99169233    1.09778812   68.26396940 
451043.000    30.4879374576   114.5971854087     17.052    4.99801480    0.95690776   68.34840887 
451044.000    30.4879829062   114.5973360316     16.811    5.03519522    1.08846248   68.74962151 
451045.000    30.4880275621   114.5974870642     16.607    5.59617823    0.92599623   68.92679672 
451046.000    30.4880723198   114.5976382501     16.341    5.52633799    1.10262989   68.95183928 
451047.000    30.4881165374   114.5977885062     16.119    6.15441895    0.92209861   68.88122712 
451048.000    30.4881612180   114.5979362077     15.829    5.41490498    0.85318019   68.43184952 
451049.000    30.4882047308   114.5980819877     15.602    5.79791593    1.13709984   69.00381121 
451050.000    30.4882465327   114.5982257958     15.388    5.52322532    1.13408305   69.40122940 
451051.000    30.4882872761   114.5983682116     15.226    5.55366449    1.26165965   69.64184302 
451052.000    30.4883270606   114.5985102528     15.103    5.68917320    1.40916779   70.02600785 
451053.000    30.4883656214   114.5986515428     14.946    5.70920620    1.25691064   70.50179313 
451054.000    30.4884030460   114.5987905385     14.801    4.88054899    1.08412882   70.54498473 
451055.000    30.4884407928   114.5989267297     14.673    4.96973301    1.55356058   69.73983324 
451056.000    30.4884788794   114.5990612820     14.564    5.16866361    1.61672780   69.78094195 
451057.000    30.4885155930   114.5991940365     14.568    4.78079091    1.98144668   70.25080609 
451058.000    30.4885510314   114.5993234928     14.571    3.67257960    2.20425443   70.34007774 
451059.000    30.4885854701   114.5994487470     14.584    4.67410698    1.73774748   70.02096166 
451060.000    30.4886184086   114.5995683733     14.620    4.54016574    1.83061377   70.31502242 
451061.000    30.4886486284   114.5996811942     14.634    4.70527622    2.00353503   70.76510019 
451062.000    30.4886759679   114.5997869067     14.667    4.46772874    2.14481871   71.39401550 
451063.000    30.4887003948   114.5998848495     14.750    4.36038634    2.27619006   71.85893297 
451064.000    30.4887224141   114.5999742593     14.848    4.22095525    2.24073611   71.95730228 
451065.000    30.4887421461   114.6000546994     14.932    4.07705176    2.29768968   72.02409815 
451066.000    30.4887594700   114.6001257192     15.012    4.23719436    2.37134092   72.08015460 
451067.000    30.4887743363   114.6001867093     15.077    4.10764781    2.27677519   72.12091748 
451068.000    30.4887865338   114.6002368551     15.139    3.99641855    2.41012116   72.15340284 
451069.000    30.4887958246   114.6002753362     15.184    4.18184390    2.29065441   72.16542455 
451070.000    30.4888027621   114.6003038783     15.209    4.15818852    2.12110422   72.20839462 
451071.000    30.4888087131   114.6003283998     15.228    4.03115839    2.23879655   72.23647730 
451072.000    30.4888136959   114.6003491770     15.255    4.00088077    2.57201260   72.33178906 
451073.000    30.4888179396   114.6003669427     15.289    3.88728030    2.91768061   72.39413050 
451074.000    30.4888217246   114.6003828225     15.320    3.78402097    3.06174570   72.46225508 
451075.000    30.4888249912   114.6003967058     15.345    3.83676015    3.00917624   72.53612973 
451076.000    30.4888276296   114.6004080831     15.362    3.93832824    2.95569088   72.60871668 
451077.000    30.4888295851   114.6004165310     15.374    4.04581650    2.87657729   72.64628228 
451078.000    30.4888309038   114.6004222734     15.383    4.09969123    2.87670348   72.69767190 
451079.000    30.4888318798   114.6004264362     15.391    4.11424722    2.85022802   72.71299298 
451080.000    30.4888325980   114.6004295192     15.396    4.16062702    2.82193787   72.73411616 
451081.000    30.4888332412   114.6004322862     15.399    4.19348825    2.79020680   72.74963797 
451082.000    30.4888338547   114.6004349731     15.402    4.22493200    2.80536390   72.76431636 
451083.000    30.4888346252   114.6004383608     15.407    4.29502653    2.83749281   72.78490793 
451084.000    30.4888362097   114.6004453459     15.414    4.42398591    2.82719723   72.83061736 
451085.000    30.4888387425   114.6004565000     15.426    4.63725592    2.77692279   72.89493529 
451086.000    30.4888419997   114.6004707937     15.450    4.80117096    2.96000598   72.90502214 
451087.000    30.4888468838   114.6004910545     15.490    4.55167191    3.53072547   72.61220337 
451088.000    30.4888545866   114.6005225828     15.536    4.27348756    3.19814973   72.34237106 
451089.000    30.4888649470   114.6005651749     15.590    4.20909369    3.24520713   72.21250839 
451090.000    30.4888775829   114.6006175059     15.650    3.95465065    3.01002542   72.42353124 
451091.000    30.4888916192   114.6006782446     15.704    3.95482902    2.95377451   73.02154260 
451092.000    30.4889064786   114.6007464453     15.818    3.98099393    2.92687590   73.90260583 
451093.000    30.4889220588   114.6008214393     15.881    4.24080635    3.32826771   74.33973180 
451094.000    30.4889392620   114.6009027330     15.977    4.13562478    2.43857351   74.11174241 
451095.000    30.4889574009   114.6009896339     16.051    4.58070317    3.59121270   74.27074205 
451096.000    30.4889767742   114.6010819163     16.116    4.85351236    2.01861113   74.14351971 
451097.000    30.4889975958   114.6011786080     16.349    5.17042112    4.23720740   73.71665437 
451098.000    30.4890205897   114.6012785587     16.570    4.60390200    3.19606034   72.69279009 
451099.000    30.4890458897   114.6013818700     16.813    5.06336684    3.74937730   71.95602646 
451100.000    30.4890706767   114.6014883625     16.988    4.78161527    3.08580763   73.66496625 
451101.000    30.4890920044   114.6015979129     17.142    4.46650865    2.87635855   75.82699356 
451102.000    30.4891119193   114.6017102970     17.247    5.17256487    2.95901003   76.23582207 
451103.000    30.4891325554   114.6018251363     17.343    4.73508134    1.75484130   76.13779140 
451104.000    30.4891532363   114.6019425629     17.438    5.29719588    2.92357663   76.38184439 
451105.000    30.4891743691   114.6020621000     17.592    4.98049482    2.86881994   76.34357295 
451106.000    30.4891956282   114.6021834778     17.767    6.71745027    3.11028612   76.22522852 
451107.000    30.4892175858   114.6023067081     17.917    5.27570929    2.95090713   76.38480840 
451108.000    30.4892395968   114.6024318580     18.078    5.34409348    3.03216196   76.39200602 
451109.000    30.4892621067   114.6025587172     18.263    5.16628621    2.88837556   76.23436592 
451110.000    30.4892853727   114.6026874244     18.436    5.27505842    2.95647573   76.07788508 
451111.000    30.4893088632   114.6028184046     18.617    5.36164660    2.98541272   76.22778499 
451112.000    30.4893324131   114.6029515997     18.794    5.20397473    2.98750165   76.41964830 
451113.000    30.4893556405   114.6030870459     18.971    5.43022892    3.01425614   76.77270518 
451114.000    30.4893788257   114.6032245712     19.150    5.42056578    3.04570589   76.84583523 
451115.000    30.4894023086   114.6033637675     19.331    5.13984267    2.91391915   76.95358374 
451116.000    30.4894252512   114.6035046174     19.518    5.16772578    2.86771678   77.30622179 
451117.000    30.4894481513   114.6036467129     19.711    5.01497618    2.85680204   77.32692293 
451118.000    30.4894711892   114.6037897551     19.887    5.12586420    2.84151201   77.35347499 
451119.000    30.4894941506   114.6039340841     20.075    5.24787744    2.98647299   77.50994757 
451120.000    30.4895168568   114.6040794188     20.267    5.20010345    2.87003979   77.75838394 
451121.000    30.4895385312   114.6042244524     20.466    5.27299460    2.82404324   78.25428088 
451122.000    30.4895591369   114.6043691448     20.655    5.37445725    2.78701815   78.62404272 
451123.000    30.4895791634   114.6045141195     20.825    5.25379652    2.80106928   78.89444462 
451124.000    30.4895989539   114.6046598373     20.985    5.00546453    2.63092550   78.99611280 
451125.000    30.4896186626   114.6048065447     21.100    5.27949204    2.56098744   79.03364983 
451126.000    30.4896383960   114.6049543674     21.212    5.54941060    2.86432545   79.11868477 
451127.000    30.4896583095   114.6051032106     21.321    5.25081697    2.53039474   79.04690446 
451128.000    30.4896784241   114.6052531940     21.398    5.30119847    2.54906552   79.16768141 
451129.000    30.4896978008   114.6054046752     21.448    5.38375149    2.26988777   79.52220760 
451130.000    30.4897171508   114.6055573308     21.478    5.40346731    2.16533224   79.69110733 
451131.000    30.4897353590   114.6057091142     21.487    5.15487533    2.22728446   80.17125188 
451132.000    30.4897527037   114.6058610739     21.470    5.23391899    2.10771576   80.43213362 
451133.000    30.4897697189   114.6060141894     21.455    5.29558896    1.94845823   80.66973160 
451134.000    30.4897862043   114.6061689808     21.390    5.50076920    1.94433528   80.95628909 
451135.000    30.4898023086   114.6063257729     21.313    5.64414320    1.85190473   81.18982530 
451136.000    30.4898176675   114.6064847542     21.201    5.35312361    1.95711903   81.76351935 
451137.000    30.4898321831   114.6066459743     21.137    5.15720354    1.81872804   81.98391733 
451138.000    30.4898469425   114.6068092577     21.035    5.42115667    1.85632861   81.76864908 
451139.000    30.4898629151   114.6069745051     20.934    5.24290097    1.75219521   81.35389047 
451140.000    30.4898799028   114.6071416522     20.841    5.39417280    1.74160201   81.05073838 
451141.000    30.4898975638   114.6073106512     20.753    5.85668928    1.94081011   80.96413656 
451142.000    30.4899145084   114.6074814645     20.681    5.58217072    1.86748943   81.56548164 
451143.000    30.4899303795   114.6076541942     20.590    4.98198660    1.77590808   82.06005813 
451144.000    30.4899448936   114.6078288509     20.496    4.98657274    1.80396592   82.60872467 
451145.000    30.4899583213   114.6080053514     20.386    4.73886509    1.72602977   83.00562283 
451146.000    30.4899713671   114.6081835984     20.298    5.08099613    1.73101490   82.97764444 
451147.000    30.4899839692   114.6083635547     20.200    5.14092539    1.81735920   83.48628603 
451148.000    30.4899951763   114.6085453131     20.095    4.90687623    1.78223457   83.96778301 
451149.000    30.4900053834   114.6087287710     19.989    5.04086629    1.87498295   84.30973063 
451150.000    30.4900143357   114.6089137790     19.878    5.04377938    1.75580942   84.97423200 
451151.000    30.4900213207   114.6090990194     19.770    5.17743901    1.64681919   85.57614920 
451152.000    30.4900273254   114.6092843493     19.658    5.19538542    1.70616562   85.69026100 
451153.000    30.4900332794   114.6094700599     19.549    5.03456345    1.82729523   85.77587981 
451154.000    30.4900388171   114.6096563407     19.443    4.84840302    1.69952597   85.92673846 
451155.000    30.4900442807   114.6098432936     19.318    4.48549457    1.65939193   85.91786735 
451156.000    30.4900498311   114.6100306810     19.220    4.84801357    1.86366574   85.80872735 
451157.000    30.4900553212   114.6102157712     19.102    4.91089342    1.47134965   85.98354036 
451158.000    30.4900596021   114.6103973318     19.015    5.09553188    1.70675831   86.42945302 
451159.000    30.4900629820   114.6105754376     18.916    5.30978360    1.65973541   86.53224906 
451160.000    30.4900665227   114.6107505189     18.814    5.38301029    1.68147961   86.48504753 
451161.000    30.4900700911   114.6109256029     18.706    5.23357594    1.81827802   86.50209251 
451162.000    30.4900736972   114.6111028352     18.615    5.18066602    1.84242383   86.49495806 
451163.000    30.4900771987   114.6112825766     18.528    4.90088061    1.83481079   86.66793671 
451164.000    30.4900801213   114.6114648546     18.432    4.87877772    1.78765715   86.84383491 
451165.000    30.4900825624   114.6116497788     18.337    4.94614010    1.81756909   87.08767231 
451166.000    30.4900840673   114.6118354093     18.223    5.10113219    1.71978657   87.47787037 
451167.000    30.4900846845   114.6120199192     18.107    4.90521734    1.64656263   87.73480542 
451168.000    30.4900846404   114.6122030860     17.995    5.07956683    1.64564513   87.97132278 
451169.000    30.4900848296   114.6123851971     17.883    5.37785654    1.68590249   87.60242395 
451170.000    30.4900862386   114.6125662308     17.779    5.17892431    1.60187170   87.18707861 
451171.000    30.4900888467   114.6127464566     17.656    5.49732984    1.67155830   86.56003559 
451172.000    30.4900936423   114.6129275291     17.545    5.26763685    1.68797286   85.91814714 
451173.000    30.4900995215   114.6131105325     17.401    5.36132714    1.68542656   85.66225330 
451174.000    30.4901060790   114.6132949116     17.262    5.43790786    1.49680928   85.34039330 
451175.000    30.4901136349   114.6134765298     17.120    5.24405805    1.23738625   85.06606679 
451176.000    30.4901209496   114.6136493732     16.959    5.23987997    1.20013888   85.04545814 
451177.000    30.4901283767   114.6138130944     16.802    5.21286458    1.18979047   84.72812058 
451178.000    30.4901361893   114.6139673934     16.669    5.24809615    1.16223063   84.38520519 
451179.000    30.4901441758   114.6141126426     16.525    5.26773182    1.08406677   84.13317595 
451180.000    30.4901525184   114.6142493097     16.374    5.54200556    1.30110696   83.37113858 
451181.000    30.4901635047   114.6143817168     16.243    5.32963037    1.26159697   81.94104659 
451182.000    30.4901760646   114.6145111762     16.094    5.30375001    1.31769379   81.37473533 
451183.000    30.4901883938   114.6146391427     15.953    5.10365886    1.32650996   81.70795158 
451184.000    30.4901993187   114.6147667407     15.799    4.73665523    1.40862864   82.75949152 
451185.000    30.4902084643   114.6148946155     15.648    5.13541302    1.35640775   83.15960826 
451186.000    30.4902182236   114.6150244791     15.494    5.19713876    1.38355525   82.70389865 
451187.000    30.4902291798   114.6151565675     15.331    5.06315770    1.34646750   82.32174177 
451188.000    30.4902401566   114.6152888556     15.181    5.03304752    1.30197504   82.41242376 
451189.000    30.4902507748   114.6154197073     15.013    5.22856198    1.22695658   82.51847303 
451190.000    30.4902603083   114.6155507433     14.833    4.80489735    1.28811644   83.48625176 
451191.000    30.4902687973   114.6156828897     14.675    5.25198695    1.34857599   83.49832013 
451192.000    30.4902777108   114.6158161093     14.488    5.69892578    2.12104349   83.38911115 
451193.000    30.4902872359   114.6159502684     14.362    5.09886748    1.40376553   83.05349755 
451194.000    30.4902977227   114.6160854244     14.190    5.36121239    1.28876699   82.41783371 
451195.000    30.4903097750   114.6162211558     14.028    5.23607606    1.40070078   81.77463391 
451196.000    30.4903227935   114.6163559902     13.853    5.45089600    1.23800141   81.33770010 
451197.000    30.4903361689   114.6164887259     13.692    5.38312900    1.17036996   81.12793598 
451198.000    30.4903496487   114.6166190947     13.546    5.22949433    1.23512238   80.98585056 
451199.000    30.4903630993   114.6167470798     13.386    5.11262563    1.12926752   80.86079325 
451200.000    30.4903766325   114.6168732353     13.229    5.06948293    1.28316457   80.69936864 
451201.000    30.4903909158   114.6169994549     13.084    5.07829138    1.44515605   80.24780590 
451202.000    30.4904059435   114.6171271827     12.920    5.08682773    1.42495563   80.01930269 
451203.000    30.4904216849   114.6172574170     12.772    5.05745334    1.61444095   79.82940204 
451204.000    30.4904382839   114.6173921261     12.612    5.03487225    1.52848100   79.68189580 
451205.000    30.4904558648   114.6175320666     12.438    5.13320020    1.57229339   79.53920886 
451206.000    30.4904744934   114.6176777051     12.262    4.99548607    1.55273606   79.38396903 
451207.000    30.4904942131   114.6178283199     12.079    4.89078026    1.45088842   79.15684240 
451208.000    30.4905145936   114.6179808140     11.885    5.00234935    1.35598045   79.08593038 
451209.000    30.4905350069   114.6181353874     11.697    5.03317499    1.45559862   79.27214275 
451210.000    30.4905552403   114.6182924694     11.504    5.00518423    1.47972648   79.48028053 
451211.000    30.4905752041   114.6184506266     11.312    4.97105683    1.25824177   79.58094164 
451212.000    30.4905962809   114.6186069083     11.126    5.22067258    1.33767884   78.27382893 
451213.000    30.4906203632   114.6187600635     10.972    4.89233900    1.49621070   77.40574481 
451214.000    30.4906438360   114.6189105986     10.834    4.91842102    1.55384477   77.82473138 
451215.000    30.4906659112   114.6190585126     10.710    5.08358476    1.60717776   78.13297944 
451216.000    30.4906878352   114.6192037555     10.601    5.06185733    1.66641735   77.76410865 
451217.000    30.4907110274   114.6193479250     10.512    5.23531042    1.82418645   76.99643019 
451218.000    30.4907360486   114.6194935456     10.427    5.44595220    1.77895938   76.49966029 
451219.000    30.4907612582   114.6196413973     10.379    5.10423665    1.95894482   76.91925903 
451220.000    30.4907851739   114.6197901922     10.324    5.12866646    1.91005389   77.62662789 
451221.000    30.4908075860   114.6199382728     10.285    5.10159630    1.79000976   78.02840005 
451222.000    30.4908292955   114.6200836534     10.253    5.05697376    1.83702250   78.03101323 
451223.000    30.4908508681   114.6202270043     10.242    5.10232461    1.99465049   77.97784455 
451224.000    30.4908725456   114.6203709612     10.238    5.27212640    2.15561689   77.86510098 
451225.000    30.4908952212   114.6205166180     10.246    5.13322482    2.40946803   77.64451794 
451226.000    30.4909183893   114.6206645850     10.270    5.05076642    2.34596463   77.65129630 
451227.000    30.4909416137   114.6208139502     10.327    5.15070459    2.30585582   77.71850416 
451228.000    30.4909644792   114.6209627409     10.388    5.14241683    2.32894172   77.83602197 
451229.000    30.4909868190   114.6211105659     10.451    5.13174744    2.32540326   77.98683233 
451230.000    30.4910086693   114.6212575784     10.531    4.98713813    2.46869093   78.18126563 
451231.000    30.4910301991   114.6214040865     10.615    4.94184699    2.44864150   78.27482469 
451232.000    30.4910514388   114.6215501306     10.710    4.78320275    2.47600143   78.47255665 
451233.000    30.4910716177   114.6216958474     10.810    4.95249092    2.41950412   78.92969928 
451234.000    30.4910908114   114.6218410724     10.893    4.89494088    2.41142051   79.31589542 
451235.000    30.4911092861   114.6219849787     10.959    5.06203290    2.38866302   79.34956725 
451236.000    30.4911283771   114.6221270652     11.038    5.06036841    2.41346331   78.90736310 
451237.000    30.4911475811   114.6222674860     11.113    4.94982443    2.51960566   78.94730505 
451238.000    30.4911661237   114.6224064419     11.202    5.16301407    2.34134673   79.18287516 
451239.000    30.4911839219   114.6225437867     11.283    5.24846664    2.24203605   79.43646156 
451240.000    30.4912009952   114.6226791474     11.371    5.12144004    2.40935226   79.66830817 
451241.000    30.4912172054   114.6228122229     11.444    5.18794300    2.34630268   79.98573499 
451242.000    30.4912324117   114.6229437367     11.525    5.28907623    2.45516948   80.41027578 
451243.000    30.4912467949   114.6230757556     11.587    5.24536616    2.65036350   80.84023373 
451244.000    30.4912605660   114.6232087471     11.659    5.35066470    2.50307446   81.12871445 
451245.000    30.4912737153   114.6233411975     11.728    5.19126082    2.30650747   81.47143554 
451246.000    30.4912856730   114.6234701656     11.804    5.31181346    2.32891768   81.88541875 
451247.000    30.4912971244   114.6235948671     11.881    5.56579604    2.34202796   81.58789284 
451248.000    30.4913099520   114.6237159012     11.951    5.43949419    2.36946612   80.50632692 
451249.000    30.4913245731   114.6238368707     12.033    5.29092674    2.66475715   79.71723422 
451250.000    30.4913403413   114.6239591052     12.113    5.27257741    2.51596533   79.26518843 
451251.000    30.4913558153   114.6240792455     12.202    4.91305916    2.38422621   79.65369995 
451252.000    30.4913691343   114.6241975233     12.311    4.49103463    3.23668807   80.94595369 
451253.000    30.4913809239   114.6243179525     12.512    4.47441745    1.44476783   81.69539154 
451254.000    30.4913920361   114.6244405651     12.568    4.93185665    2.48272047   81.90187193 
451255.000    30.4914032919   114.6245620874     12.613    4.83760050    2.24488077   81.57846937 
451256.000    30.4914155446   114.6246816383     12.722    4.04291091    2.94262372   81.14017877 
451257.000    30.4914276345   114.6248021143     12.798    3.97217092    2.47150579   81.42074487 
451258.000    30.4914380279   114.6249220639     12.879    3.95989399    2.30332744   82.64072554 
451259.000    30.4914466085   114.6250434121     12.930    4.69946317    2.50158918   83.38775361 
451260.000    30.4914538507   114.6251657622     12.997    4.50481863    2.41693403   84.25966051 
451261.000    30.4914593358   114.6252868769     13.058    4.64393209    2.60484460   85.28900498 
451262.000    30.4914633779   114.6254077149     12.965    5.22273377    2.11777090   85.74921534 
451263.000    30.4914668238   114.6255303664     13.041    5.04716148    2.45939223   86.18924916 
451264.000    30.4914692506   114.6256532095     13.096    5.05201046    2.35724266   86.68857483 
451265.000    30.4914714765   114.6257771598     13.166    5.39200436    2.34181457   86.62748118 
451266.000    30.4914741839   114.6259042728     13.237    5.30586355    2.49270502   86.43913478 
451267.000    30.4914771363   114.6260354414     13.294    5.36703582    2.56209715   86.35925868 
451268.000    30.4914805771   114.6261705036     13.369    5.07845462    2.62579868   86.10450924 
451269.000    30.4914848943   114.6263088275     13.453    5.03167802    2.68939829   85.70809497 
451270.000    30.4914901133   114.6264473861     13.521    5.07913616    2.35750203   85.24314517 
451271.000    30.4914959249   114.6265824339     13.602    5.10586396    2.28877477   84.99656166 
451272.000    30.4915017622   114.6267131088     13.671    5.00417978    2.26244903   84.95584866 
451273.000    30.4915080923   114.6268409662     13.741    4.99065822    2.32997126   84.42319400 
451274.000    30.4915152611   114.6269700269     13.819    5.01689248    2.67877777   84.16145067 
451275.000    30.4915222948   114.6271020529     13.918    4.97418763    2.89715641   84.66118085 
451276.000    30.4915277373   114.6272368236     14.010    5.47273568    2.53912036   85.49098516 
451277.000    30.4915328895   114.6273754258     14.065    6.00264179    2.20853631   85.30554082 
451278.000    30.4915389418   114.6275187045     14.108    5.42844868    2.34139512   85.11322452 
451279.000    30.4915448931   114.6276667674     14.120    5.80468748    1.86442833   85.37911028 
451280.000    30.4915497006   114.6278186919     14.390    4.39770695    4.26560656   86.09728667 
451281.000    30.4915524732   114.6279738847     14.454    4.06736598    2.42154323   87.17403664 
451282.000    30.4915523919   114.6281323339     14.518    4.46364598    2.51772350   88.30735221 
451283.000    30.4915511627   114.6282945276     14.596    5.02445123    2.63581386   88.31329082 
451284.000    30.4915502633   114.6284605884     14.689    4.85565425    2.49242617   88.25111113 
451285.000    30.4915497375   114.6286297492     14.759    4.96908781    2.42800231   88.02380049 
451286.000    30.4915494944   114.6288012867     14.811    5.17968672    2.54800650   87.96469414 
451287.000    30.4915495009   114.6289753090     14.851    5.00818524    2.33714103   87.90790219 
451288.000    30.4915496355   114.6291492255     14.899    5.17914065    2.39835637   87.90759395 
451289.000    30.4915495945   114.6293218293     14.965    5.13412904    2.24773695   88.00216895 
451290.000    30.4915497775   114.6294914814     14.995    5.20238970    1.98107676   87.66640226 
451291.000    30.4915511398   114.6296579378     15.016    4.99187189    2.13532165   87.24920427 
451292.000    30.4915535048   114.6298231347     15.057    5.06492009    2.20408568   86.85049895 
451293.000    30.4915565874   114.6299882515     15.078    4.80035893    2.09418403   86.73750254 
451294.000    30.4915594175   114.6301513384     15.074    4.96710369    1.92972966   86.83020205 
451295.000    30.4915619159   114.6303110042     15.089    4.96858983    2.02662917   87.00138409 
451296.000    30.4915639953   114.6304691376     15.094    4.93680194    2.12432847   87.13837856 
451297.000    30.4915658512   114.6306265720     15.097    4.79177596    2.14535403   87.21375281 
451298.000    30.4915677188   114.6307832607     15.088    4.90836763    2.11438981   87.12994436 
451299.000    30.4915697846   114.6309389639     15.073    4.90304709    1.87452599   87.06990305 
451300.000    30.4915719932   114.6310933686     15.050    4.85165211    2.00257417   86.97727730 
451301.000    30.4915744756   114.6312463457     15.028    4.97366739    1.86359554   86.81308943 
451302.000    30.4915773061   114.6313977958     15.005    4.88744193    1.84959753   86.68114756 
451303.000    30.4915804818   114.6315478436     14.967    4.89711281    1.82141167   86.51168835 
451304.000    30.4915835965   114.6316965813     14.934    4.93680876    1.92982098   86.63658682 
451305.000    30.4915861184   114.6318443369     14.896    4.93870207    1.84517200   86.97762110 
451306.000    30.4915878685   114.6319922139     14.851    4.91454383    1.85724896   87.29641516 
451307.000    30.4915892996   114.6321406995     14.789    4.94516896    1.87362795   87.25445979 
451308.000    30.4915911184   114.6322887906     14.725    4.76710774    1.82302020   87.11250006 
451309.000    30.4915932516   114.6324361293     14.665    4.89762487    1.75712012   86.92159978 
451310.000    30.4915957340   114.6325835584     14.605    4.92257516    1.77623096   86.81293282 
451311.000    30.4915985212   114.6327314463     14.542    4.91988199    1.89338769   86.66685564 
451312.000    30.4916016205   114.6328799387     14.491    4.84383147    1.80887913   86.58296359 
451313.000    30.4916049379   114.6330286956     14.430    4.88692783    1.85510643   86.46230819 
451314.000    30.4916083097   114.6331784176     14.370    4.90019403    1.86779627   86.55347363 
451315.000    30.4916112984   114.6333296164     14.305    5.08858509    1.86471031   86.76241469 
451316.000    30.4916138791   114.6334818373     14.249    4.97383414    1.81277676   86.96663514 
451317.000    30.4916161372   114.6336340181     14.187    4.99428874    1.82463781   87.03802671 
451318.000    30.4916183042   114.6337867850     14.116    4.97567190    1.99134399   87.07246454 
451319.000    30.4916204930   114.6339409206     14.045    4.98410755    1.78278439   87.07066367 
451320.000    30.4916226957   114.6340963971     13.970    4.99697520    1.89827157   87.04807410 
451321.000    30.4916250220   114.6342517710     13.905    5.05860671    1.82320314   86.97698599 
451322.000    30.4916275605   114.6344043910     13.847    4.89870531    1.80819475   86.91043212 
451323.000    30.4916301597   114.6345560032     13.784    5.01736262    1.76551363   86.87863296 
451324.000    30.4916326789   114.6347082459     13.726    5.00726032    1.87865782   86.98811468 
451325.000    30.4916347968   114.6348615332     13.650    5.02067519    1.85979679   87.17651842 
451326.000    30.4916365876   114.6350159854     13.581    4.96222518    1.89273622   87.30922198 
451327.000    30.4916382174   114.6351717436     13.513    4.90969374    1.90577576   87.36665047 
451328.000    30.4916397871   114.6353288831     13.439    4.68083125    1.82849894   87.37512947 
451329.000    30.4916414234   114.6354874638     13.359    4.75996777    1.92992737   87.25277377 
451330.000    30.4916435338   114.6356473387     13.282    4.62573891    1.82130772   87.12247197 
451331.000    30.4916459593   114.6358082525     13.213    4.33953679    1.79265806   87.09865310 
451332.000    30.4916482115   114.6359696959     13.151    4.75082794    1.87589921   87.09330232 
451333.000    30.4916506815   114.6361323233     13.074    4.62772527    1.83017771   87.00513470 
451334.000    30.4916534650   114.6362965803     12.998    4.65769075    1.93895407   86.95680909 
451335.000    30.4916563199   114.6364624835     12.926    4.66719528    1.96169526   86.89398377 
451336.000    30.4916592867   114.6366297500     12.857    4.51780856    1.66455139   86.90965087 
451337.000    30.4916623199   114.6367954984     12.798    4.90335516    1.66959952   86.75918953 
451338.000    30.4916656951   114.6369578384     12.741    4.67470678    1.60049617   86.71475224 
451339.000    30.4916691185   114.6371168268     12.676    4.86828999    1.64204111   86.62442074 
451340.000    30.4916723148   114.6372725097     12.607    4.88156595    1.67218516   86.84070498 
451341.000    30.4916749153   114.6374250017     12.531    4.91766388    1.58599460   87.07126760 
451342.000    30.4916771090   114.6375741034     12.488    4.51339828    1.81118976   87.18110724 
451343.000    30.4916790266   114.6377200570     12.431    4.86064767    1.72160729   87.23420867 
451344.000    30.4916808518   114.6378649580     12.350    4.67339115    2.03792629   87.37239679 
451345.000    30.4916824929   114.6380121421     12.288    4.58397998    1.84770364   87.37238508 
451346.000    30.4916843005   114.6381621553     12.225    4.53106043    2.05060314   87.24711265 
451347.000    30.4916864617   114.6383149410     12.167    4.70281002    1.74003974   87.11212170 
451348.000    30.4916889269   114.6384699099     12.130    4.68038142    1.94473946   87.00398227 
451349.000    30.4916918575   114.6386246195     12.084    4.52460498    1.80274773   86.75375391 
451350.000    30.4916951351   114.6387790305     12.048    4.57667515    1.88228518   86.71820287 
451351.000    30.4916985427   114.6389335838     11.994    4.44121673    1.90089400   86.69450203 
451352.000    30.4917013464   114.6390881753     11.937    4.43163921    1.98930746   87.12281810 
451353.000    30.4917030267   114.6392418374     11.895    4.55619627    2.01090874   87.59665362 
451354.000    30.4917039504   114.6393941981     11.871    4.63808486    1.83465127   87.80676316 
451355.000    30.4917046672   114.6395437826     11.850    4.72661712    1.88244538   87.79270462 
451356.000    30.4917057822   114.6396898183     11.843    4.90980292    1.94162407   87.47158687 
451357.000    30.4917076540   114.6398322437     11.846    4.81140556    1.88178551   87.19972795 
451358.000    30.4917098598   114.6399724574     11.856    4.98168663    2.12456337   87.04979916 
451359.000    30.4917119852   114.6401123408     11.874    4.72836741    2.21319055   87.19896391 
451360.000    30.4917141216   114.6402522716     11.898    4.69486486    2.08857344   87.08616016 
451361.000    30.4917163715   114.6403923925     11.906    4.84282430    2.30495763   87.05480667 
451362.000    30.4917186897   114.6405326936     11.942    4.98358412    2.36606758   87.03209416 
451363.000    30.4917212332   114.6406730099     11.991    4.79291984    2.29812350   86.92262648 
451364.000    30.4917236855   114.6408121866     12.023    4.48932161    2.17659756   87.10120968 
451365.000    30.4917253596   114.6409497942     12.060    5.07069435    2.35849928   87.40748350 
451366.000    30.4917266107   114.6410876060     12.082    5.10924187    2.20191057   87.61627966 
451367.000    30.4917278355   114.6412263100     12.118    5.18066958    2.63618813   87.46812689 
451368.000    30.4917295974   114.6413660705     12.164    5.23128731    2.55469520   87.19977933 
451369.000    30.4917320157   114.6415072874     12.203    4.84077216    2.39857173   86.98557913 
451370.000    30.4917349369   114.6416500051     12.247    4.46418391    2.43674858   86.76351955 
451371.000    30.4917379535   114.6417926475     12.296    4.74210430    2.45288885   86.74085994 
451372.000    30.4917408699   114.6419354845     12.351    4.80353798    2.20308389   86.86699356 
451373.000    30.4917434915   114.6420773515     12.385    4.12926529    2.41914180   87.03257974 
451374.000    30.4917458419   114.6422194085     12.435    4.45669772    2.28871563   87.03397591 
451375.000    30.4917480229   114.6423610212     12.472    4.72862568    2.14329001   87.16415238 
451376.000    30.4917499575   114.6425011233     12.507    4.82430153    2.26292156   87.24840903 
451377.000    30.4917518639   114.6426394905     12.534    4.46272632    2.26556773   87.22871058 
451378.000    30.4917538482   114.6427775188     12.571    4.54309927    2.09899114   87.16608115 
451379.000    30.4917559762   114.6429146516     12.613    4.68929830    2.36355107   87.06231266 
451380.000    30.4917583693   114.6430481498     12.655    4.73866509    2.11693638   86.91349166 
451381.000    30.4917609635   114.6431786001     12.707    4.53286126    2.29562867   86.83114593 
451382.000    30.4917634295   114.6433083846     12.738    4.88154271    2.25087589   86.89758679 
451383.000    30.4917658827   114.6434387917     12.784    4.94460983    2.39087810   86.83389814 
451384.000    30.4917685616   114.6435690944     12.826    5.27944298    2.09000468   86.68578855 
451385.000    30.4917714411   114.6436967299     12.882    5.07258631    2.36505619   86.66426966 
451386.000    30.4917743014   114.6438230772     12.923    4.77886650    2.19703348   86.69841670 
451387.000    30.4917768716   114.6439470226     12.954    4.81466123    2.29154377   86.89631527 
451388.000    30.4917785197   114.6440697609     12.990    5.15084637    2.27413823   87.37159851 
451389.000    30.4917795268   114.6441917617     13.008    4.89053929    2.16056810   87.70072683 
451390.000    30.4917802825   114.6443105819     13.019    4.84140488    2.02558021   87.66033129 
451391.000    30.4917815991   114.6444264518     13.052    4.59131758    2.25369166   87.26504642 
451392.000    30.4917829624   114.6445401374     13.088    4.53254139    2.14181717   87.39507499 
451393.000    30.4917836299   114.6446502486     13.121    4.65240945    2.45199542   87.92014656 
451394.000    30.4917836216   114.6447564265     13.094    4.60991062    1.85349320   88.21160332 
451395.000    30.4917835396   114.6448602432     13.109    4.91217848    2.24395455   88.19679609 
451396.000    30.4917831097   114.6449640341     13.127    4.94493998    2.35945483   88.62857366 
451397.000    30.4917815973   114.6450677620     13.154    4.69900094    2.18191753   89.41681418 
451398.000    30.4917792432   114.6451701677     13.198    4.17743464    2.37545026   89.70978310 
451399.000    30.4917773934   114.6452728873     13.221    4.41839552    2.25716721   89.16766697 
451400.000    30.4917763507   114.6453749077     13.224    4.72032498    2.16202104   88.66112989 
451401.000    30.4917763040   114.6454734315     13.245    4.50098127    2.04243048   87.92921490 
451402.000    30.4917776846   114.6455697793     13.274    4.60734809    2.23135698   86.95387598 
451403.000    30.4917801038   114.6456651341     13.308    4.28131164    2.23639169   86.42782901 
451404.000    30.4917824571   114.6457596522     13.316    4.22706418    2.18085387   86.65657862 
451405.000    30.4917842870   114.6458555805     13.343    4.09836303    2.14833062   87.07227959 
451406.000    30.4917854737   114.6459546871     13.353    4.22096577    2.36011369   87.51702229 
451407.000    30.4917858518   114.6460542872     13.371    4.48236973    2.12483611   88.05848661 
451408.000    30.4917855299   114.6461501003     13.387    4.55265586    2.11474805   88.52177367 
451409.000    30.4917848207   114.6462413656     13.406    4.54920501    1.96277822   88.72231863 
451410.000    30.4917841122   114.6463280818     13.399    4.49890737    1.81159363   88.73583110 
451411.000    30.4917834766   114.6464102795     13.390    4.61115834    1.76416261   88.65565828 
451412.000    30.4917830235   114.6464878861     13.401    4.76884685    1.93885660   88.51202626 
451413.000    30.4917829560   114.6465606673     13.415    4.61590294    1.90785540   88.21189725 
451414.000    30.4917822033   114.6466318665     13.424    4.64358124    2.18335686   89.12441828 
451415.000    30.4917801943   114.6467051977     13.414    4.59636782    2.02756716   90.21756226 
451416.000    30.4917770163   114.6467787676     13.397    4.59814191    1.83396317   91.19196073 
451417.000    30.4917731438   114.6468480112     13.393    4.75687635    1.83782200   91.98029184 
451418.000    30.4917678215   114.6469146662     13.386    4.19160051    1.85019679   94.12304706 
451419.000    30.4917572292   114.6469807031     13.341    4.44525918    1.41492914   99.95537577 
451420.000    30.4917382831   114.6470437393     13.261    4.72271644    0.53690782  108.84578437 
451421.000    30.4917105224   114.6471024221     13.160    3.65835558    1.49299012  118.41882659 
451422.000    30.4916748418   114.6471552862     13.075    3.51261965    1.01022311  127.43273736 
451423.000    30.4916337666   114.6472011387     12.966    4.15124019    1.26958572  134.82857545 
451424.000    30.4915887258   114.6472435655     12.836    4.51027684    0.96227002  139.30295236 
451425.000    30.4915415993   114.6472819277     12.734    4.79506274    1.29655691  143.27321850 
451426.000    30.4914907776   114.6473180432     12.629    4.66041064    1.28771344  146.85018246 
451427.000    30.4914377620   114.6473517757     12.531    4.69731126    1.32924577  149.31020297 
451428.000    30.4913853095   114.6473833198     12.416    4.77598062    0.94378005  150.37302785 
451429.000    30.4913319911   114.6474153605     12.302    4.72169367    1.02036191  150.40251581 
451430.000    30.4912773799   114.6474477970     12.192    4.08523959    1.24986722  150.84965698 
451431.000    30.4912222768   114.6474799994     12.069    4.44314064    1.89316532  150.98987136 
451432.000    30.4911660998   114.6475125508     11.938    4.73990675    1.30077438  151.27699549 
451433.000    30.4911076472   114.6475456495     11.789    4.92645901    0.83286231  151.79636503 
451434.000    30.4910503873   114.6475773023     11.649    5.10510845    0.90694892  152.27982128 
451435.000    30.4909953845   114.6476071967     11.523    5.19010148    0.83904256  152.70511360 
451436.000    30.4909428543   114.6476352400     11.396    5.22362634    0.95457545  153.12772980 
451437.000    30.4908910171   114.6476623339     11.274    5.33749149    0.92525446  153.57499792 
451438.000    30.4908403296   114.6476885405     11.151    5.05047086    0.79685824  153.78754663 
451439.000    30.4907903987   114.6477138290     11.045    4.98125618    1.17404039  154.24142346 
451440.000    30.4907410726   114.6477384505     10.930    5.03969160    0.84029454  154.35872084 
451441.000    30.4906940796   114.6477622212     10.836    4.91130145    1.17418788  154.21365575 
451442.000    30.4906468271   114.6477857654     10.733    5.07635479    1.00580191  154.51794481 
451443.000    30.4906011889   114.6478084150     10.619    4.76482998    0.39332580  154.64815209 
451444.000    30.4905589379   114.6478292883     10.552    4.96815448    1.29181724  154.66513519 
451445.000    30.4905210653   114.6478477979     10.488    4.92528621    1.10302601  154.91814171 
451446.000    30.4904848021   114.6478651558     10.431    5.10428296    1.31387338  155.28811954 
451447.000    30.4904489972   114.6478819841     10.384    5.29163695    1.34162230  155.65108159 
451448.000    30.4904160540   114.6478974707     10.331    5.13841889    1.32764844  155.68213354 
451449.000    30.4903853233   114.6479119233     10.277    4.82384504    1.07092145  155.70351440 
451450.000    30.4903558437   114.6479258516     10.238    4.72019561    1.43615066  155.62163191 
451451.000    30.4903271064   114.6479397021     10.200    4.85330323    1.41722588  155.21594889 
451452.000    30.4902965330   114.6479546867     10.155    4.96049642    1.47222684  154.83519444 
451453.000    30.4902629442   114.6479714150     10.116    4.94050543    1.56337020  154.55559800 
451454.000    30.4902266237   114.6479894153     10.062    5.02778759    1.33539484  154.63572928 
451455.000    30.4901891673   114.6480078219     10.014    5.02156310    1.43702082  154.80458567 
451456.000    30.4901511989   114.6480264926      9.970    5.06492085    1.72213287  154.74660232 
451457.000    30.4901117219   114.6480459812      9.940    5.07245092    1.82824140  154.70085617 
451458.000    30.4900699322   114.6480665467      9.886    5.15561243    1.62950498  154.76812671 
451459.000    30.4900302253   114.6480859958      9.848    5.19461739    1.64366493  154.88036189 
451460.000    30.4899911771   114.6481044844      9.812    4.95767976    1.80369164  155.75831610 
451461.000    30.4899490297   114.6481242230      9.768    4.85861777    1.90136311  155.49572566 
451462.000    30.4899037285   114.6481470069      9.730    4.99443798    2.09902298  154.19008739 
451463.000    30.4898555638   114.6481723207      9.683    4.76931883    2.33024842  153.34101769 
451464.000    30.4898044143   114.6481992175      9.632    4.62740021    1.69463888  153.51640658 
451465.000    30.4897513184   114.6482262738      9.593    4.75392869    1.48639564  154.18128309 
451466.000    30.4896965106   114.6482529116      9.547    4.81978314    1.84529680  155.21490812 
451467.000    30.4896391751   114.6482802058      9.474    4.62740049    1.42166663  155.37551089 
451468.000    30.4895794326   114.6483093771      9.427    4.91437700    1.68943082  154.81479274 
451469.000    30.4895172207   114.6483403094      9.357    4.72298494    1.62156441  154.55132885 
451470.000    30.4894523631   114.6483726842      9.285    4.74693029    1.64453961  154.41284592 
451471.000    30.4893850476   114.6484069217      9.221    4.92707381    1.76401074  154.02736080 
451472.000    30.4893152936   114.6484424057      9.174    4.58218469    1.85378341  154.14915223 
451473.000    30.4892436030   114.6484784217      9.105    4.54957750    1.60174958  154.35392888 
451474.000    30.4891731809   114.6485142455      9.032    4.89772684    1.48751499  153.95651714 
451475.000    30.4891047975   114.6485488180      8.985    4.65715383    1.71646161  154.37598615 
451476.000    30.4890361473   114.6485828119      8.940    4.71073586    2.01891349  154.76238840 
451477.000    30.4889665175   114.6486164067      8.892    4.85960056    1.83992943  155.18219811 
451478.000    30.4888965119   114.6486510971      8.847    4.92380223    1.82353338  154.44083416 
451479.000    30.4888250190   114.6486865198      8.822    4.65620184    1.94247060  154.66493857 
451480.000    30.4887512034   114.6487232824      8.815    4.43425251    1.85788944  154.50186649 
451481.000    30.4886747142   114.6487614830      8.808    4.68039589    2.25176053  154.45652505 
451482.000    30.4885963742   114.6488002156      8.801    4.75773280    2.27416865  154.69756517 
451483.000    30.4885168485   114.6488389838      8.809    6.05137715    2.31566330  154.88934041 
451484.000    30.4884356884   114.6488786383      8.840    4.46642590    2.58464836  155.12428723 
451485.000    30.4883527049   114.6489190868      8.869    5.08140391    2.60352843  154.57882393 
451486.000    30.4882684836   114.6489618344      8.896    4.96360809    2.50612656  153.57281609 
451487.000    30.4881829592   114.6490067752      8.946    4.75465266    2.64626652  153.30167158 
451488.000    30.4880955753   114.6490525363      9.002    4.19005748    2.27003535  153.52533637 
451489.000    30.4880069601   114.6490985045      9.094    4.83807212    2.28906900  153.64431219 
451490.000    30.4879187845   114.6491454700      9.172    4.76619494    2.74761893  152.58790274 
451491.000    30.4878315181   114.6491951923      9.251    4.75714416    2.83556065  151.08961447 
451492.000    30.4877469950   114.6492459792      9.365    4.76226604    2.57379737  149.95591204 
451493.000    30.4876664350   114.6492950418      9.466    4.69798426    2.37003568  150.10271037 
451494.000    30.4875894249   114.6493409145      9.560    4.61555548    2.40096798  150.65087409 
451495.000    30.4875163135   114.6493838170      9.653    4.59609811    2.72699365  150.82145062 
451496.000    30.4874454447   114.6494255101      9.741    4.20922479    2.49708350  150.86540539 
451497.000    30.4873745639   114.6494670156      9.815    3.58806687    2.92222674  150.77996629 
451498.000    30.4873028369   114.6495089188      9.902    5.09686528    2.67199570  150.98803166 
451499.000    30.4872290449   114.6495491951     10.028    4.66676727    2.72850805  153.11848829 
451500.000    30.4871544331   114.6495896955     10.058    3.96326550    2.89625372  152.41814412 
451501.000    30.4870792848   114.6496312793     10.202    4.55554994    3.18909888  151.88893313 
451502.000    30.4870015039   114.6496756590     10.302    5.05998028    3.01552910  151.27338805 
451503.000    30.4869202378   114.6497241230     10.404    4.76262761    2.92933190  150.06683591 
451504.000    30.4868355036   114.6497766618     10.509    4.62872122    2.94698012  149.38358927 
451505.000    30.4867472314   114.6498331377     10.622    4.76648602    2.87149409  148.37840793 
451506.000    30.4866558063   114.6498937273     10.714    4.02029545    2.10010363  147.88649481 
451507.000    30.4865615639   114.6499571974     10.858    4.31287140    2.73578244  147.36252270 
451508.000    30.4864645960   114.6500224364     10.993    4.52549852    2.51950508  147.62293440 
451509.000    30.4863673252   114.6500873823     11.096    4.38321551    2.24107509  147.83020790 
451510.000    30.4862719523   114.6501497063     11.206    4.47328142    2.59533260  148.43197213 
451511.000    30.4861789433   114.6502100991     11.283    4.52222082    2.36757659  148.21391003 
451512.000    30.4860884716   114.6502698300     11.324    4.90024749    1.88861982  147.92684896 
451513.000    30.4859992542   114.6503293057     11.385    4.98833007    2.12402890  147.59040656 
451514.000    30.4859094044   114.6503899288     11.426    4.71983597    1.71306481  147.36000842 
451515.000    30.4858190938   114.6504514848     11.468    4.70791468    2.20139251  147.12120211 
451516.000    30.4857282146   114.6505151878     11.495    4.96057652    2.44323764  145.95287585 
451517.000    30.4856361431   114.6505831180     11.501    4.73979448    2.19284143  144.84035019 
451518.000    30.4855421342   114.6506550266     11.522    4.31425537    2.30772586  144.00639609 
451519.000    30.4854457943   114.6507298709     11.524    4.72501285    1.96186971  143.73930360 
451520.000    30.4853476734   114.6508064854     11.487    4.65877182    1.31775081  143.64000238 
451521.000    30.4852480168   114.6508846002     11.487    4.24239452    2.02004191  143.60079341 
451522.000    30.4851461855   114.6509644133     11.402    4.46049780    1.36809486  143.54041274 
451523.000    30.4850422339   114.6510461822     11.337    4.30616421    1.78441264  143.49836348 
451524.000    30.4849368891   114.6511296684     11.286    4.40524488    1.59019295  143.07813722 
451525.000    30.4848321396   114.6512139729     11.232    4.36032839    2.28955498  142.75897117 
451526.000    30.4847262851   114.6512993749     11.094    4.15882235    1.78622604  142.78208029 
451527.000    30.4846185326   114.6513868406     11.007    3.95788624    1.69729782  142.55072586 
451528.000    30.4845095047   114.6514771034     10.880    4.31573571    1.53774233  141.73093382 
451529.000    30.4843998138   114.6515711128     10.775    4.71969226    1.70703661  140.80984654 
451530.000    30.4842895700   114.6516688303     10.664    4.84451035    1.90247627  139.81620837 
451531.000    30.4841789107   114.6517702484     10.566    4.77472135    1.67364635  138.91807296 
451532.000    30.4840682649   114.6518754009     10.459    4.65239667    1.72876833  138.03437215 
451533.000    30.4839567477   114.6519827313     10.344    4.32604663    1.87736532  137.93899252 
451534.000    30.4838450968   114.6520908759     10.247    4.49235934    1.75855687  137.58718796 
451535.000    30.4837344660   114.6521985943     10.154    4.41899440    1.95528328  137.59422264 
451536.000    30.4836248362   114.6523055576     10.050    4.09388632    1.53428287  137.49640830 
451537.000    30.4835163995   114.6524118655      9.938    3.90690803    1.55310074  137.57104171 
451538.000    30.4834085995   114.6525174768      9.844    4.25948547    1.73378229  137.12773313 
451539.000    30.4833024905   114.6526237487      9.736    4.52382026    1.78347880  136.55039526 
451540.000    30.4831981001   114.6527302679      9.635    4.36290376    1.62471500  136.02688557 
451541.000    30.4830952498   114.6528371066      9.544    4.53461102    2.97812228  135.54995715 
451542.000    30.4829928481   114.6529447740      9.422    4.62747724    1.46199449  135.36511174 
451543.000    30.4828902083   114.6530533059      9.306    5.06378817    1.64178793  135.16916737 
451544.000    30.4827877405   114.6531626022      9.199    4.78943090    1.61385569  134.88593911 
451545.000    30.4826873755   114.6532709395      9.083    4.97296732    1.41489720  134.56796869 
451546.000    30.4825893746   114.6533775078      8.961    4.86653968    2.02581458  134.31993725 
451547.000    30.4824928978   114.6534830174      8.890    4.59881491    1.97805545  134.30454818 
451548.000    30.4823956824   114.6535896938      8.744    4.68231161    1.32508843  134.13805081 
451549.000    30.4822978657   114.6536976878      8.665    4.82459702    1.54163671  133.93762819 
451550.000    30.4822001927   114.6538067873      8.575    4.39257453    2.27401311  133.62740529 
451551.000    30.4821033027   114.6539163717      8.529    4.49201940    2.49935322  133.12044403 
451552.000    30.4820075770   114.6540268599      8.488    4.86685982    2.16366249  132.36591149 
451553.000    30.4819130723   114.6541384718      8.478    4.85367356    1.96721959  131.94393607 
451554.000    30.4818192338   114.6542510489      8.505    4.45502629    2.45721275  131.55054129 
451555.000    30.4817257725   114.6543643072      8.505    3.71136106    2.05502347  131.35781357 
451556.000    30.4816319965   114.6544777115      8.555    4.45090117    2.34603193  131.35213203 
451557.000    30.4815374430   114.6545913600      8.587    4.08033065    2.43759293  131.82603107 
451558.000    30.4814416085   114.6547049833      8.645    5.09860054    1.89542917  131.95860754 
451559.000    30.4813448422   114.6548188928      8.692    4.58428722    2.05013314  132.21028700 
451560.000    30.4812478346   114.6549338364      8.756    4.27642130    2.36267659  131.96685175 
451561.000    30.4811501749   114.6550497766      8.828    4.57511716    2.55538821  131.95812942 
451562.000    30.4810515404   114.6551670923      8.877    4.44060129    2.28021974  131.86390642 
451563.000    30.4809521681   114.6552859297      8.921    4.32440630    2.10399114  131.52191028 
451564.000    30.4808530471   114.6554072516      8.980    4.63711012    2.37033871  130.55062355 
451565.000    30.4807560057   114.6555328283      9.017    4.71665462    2.16885139  128.80730879 
451566.000    30.4806603722   114.6556616888      9.040    4.67423500    2.63165373  128.15980494 
451567.000    30.4805647770   114.6557922239      9.087    4.13433670    2.93077484  127.96143095 
451568.000    30.4804689566   114.6559241520      9.150    4.47800078    2.45220866  127.55637676 
451569.000    30.4803737386   114.6560577847      9.196    4.22538571    2.18295697  127.02881629 
451570.000    30.4802809651   114.6561908952      9.241    4.30107435    2.01202471  126.35694093 
451571.000    30.4801910610   114.6563231338      9.237    4.04390346    1.65642124  125.65219288 
