   GPSTime         Latitude        Longitude      H-Ell      Vel-N      Vel-E    Vel-U   
     (sec)            (Deg)            (Deg)        (m)      (m/s)      (m/s)    (m/s)  
 486548.00    30.4871450929   114.5638117387     26.461     -2.755     -8.008   -0.109 
 486549.00    30.4870703687   114.5637812879     26.333     -3.032     -8.564   -0.108 
 486550.00    30.4869929714   114.5637490342     26.182     -3.124     -8.608   -0.155 
 486551.00    30.4869144563   114.5637159401     26.035     -3.230     -8.817   -0.134 
 486552.00    30.4868340054   114.5636822576     25.885     -3.221     -9.027   -0.106 
 486553.00    30.4867518870   114.5636493308     25.752     -3.143     -9.184   -0.114 
 486554.00    30.4866681895   114.5636176751     25.606     -2.984     -9.398   -0.154 
 486555.00    30.4865816908   114.5635883750     25.440     -2.751     -9.742   -0.177 
 486556.00    30.4864928495   114.5635631368     25.280     -2.262     -9.923   -0.158 
 486557.00    30.4864021389   114.5635435542     25.120     -1.719    -10.193   -0.165 
 486558.00    30.4863087170   114.5635292323     24.945     -1.223    -10.500   -0.166 
 486559.00    30.4862128013   114.5635192839     24.764     -0.861    -10.749   -0.198 
 486560.00    30.4861148783   114.5635117376     24.594     -0.646    -10.973   -0.167 
 486561.00    30.4860151167   114.5635074208     24.436     -0.296    -11.102   -0.185 
 486562.00    30.4859154743   114.5635071781     24.264      0.119    -11.021   -0.196 
 486563.00    30.4858160492   114.5635113346     24.079      0.549    -11.059   -0.205 
 486564.00    30.4857151642   114.5635195462     23.897      0.894    -11.300   -0.166 
 486565.00    30.4856126851   114.5635308655     23.744      1.185    -11.421   -0.166 
 486566.00    30.4855085891   114.5635446011     23.557      1.385    -11.690   -0.205 
 486567.00    30.4854021838   114.5635597566     23.399      1.487    -11.874   -0.096 
 486568.00    30.4852946355   114.5635752644     23.341      1.471    -11.987   -0.087 
 486569.00    30.4851862960   114.5635891351     23.219      1.265    -12.021   -0.098 
 486570.00    30.4850785758   114.5636009773     23.134      1.069    -11.804   -0.127 
 486571.00    30.4849726935   114.5636133170     23.065      1.175    -11.676   -0.027 
 486572.00    30.4848676797   114.5636269538     23.017      1.359    -11.637   -0.024 
 486573.00    30.4847624959   114.5636415829     23.006      1.421    -11.712    0.002 
 486574.00    30.4846561600   114.5636563732     22.965      1.412    -11.872   -0.044 
 486575.00    30.4845490080   114.5636702200     22.910      1.260    -11.848   -0.042 
 486576.00    30.4844421535   114.5636822651     22.868      1.110    -11.891   -0.007 
 486577.00    30.4843344465   114.5636933747     22.858      1.049    -11.966   -0.015 
 486578.00    30.4842265764   114.5637037783     22.841      0.989    -11.952   -0.022 
 486579.00    30.4841188817   114.5637150814     22.790      1.139    -11.963    0.016 
 486580.00    30.4840112225   114.5637277837     22.777      1.254    -11.944   -0.010 
 486581.00    30.4839034647   114.5637419279     22.753      1.434    -11.969    0.049 
 486582.00    30.4837958165   114.5637576345     22.745      1.503    -11.932    0.031 
 486583.00    30.4836898757   114.5637720371     22.763      1.333    -11.543    0.029 
 486584.00    30.4835876669   114.5637845660     22.772      1.121    -11.069   -0.059 
 486585.00    30.4834903051   114.5637954992     22.802      1.016    -10.468   -0.005 
 486586.00    30.4833985248   114.5638056900     22.800      0.948     -9.818   -0.005 
 486587.00    30.4833161188   114.5638148866     22.816      0.798     -8.408    0.010 
 486588.00    30.4832442214   114.5638231055     22.834      0.772     -7.692   -0.008 
 486589.00    30.4831774889   114.5638309109     22.842      0.747     -7.097    0.007 
 486590.00    30.4831167408   114.5638399565     22.856      0.851     -6.236    0.019 
 486591.00    30.4830681946   114.5638485971     22.868      0.749     -4.765   -0.009 
 486592.00    30.4830284533   114.5638570152     22.867      0.778     -4.197    0.014 
 486593.00    30.4829879700   114.5638699786     22.864      1.416     -4.675    0.086 
 486594.00    30.4829484767   114.5638927704     22.950      2.329     -4.196    0.089 
 486595.00    30.4829146369   114.5639299670     23.033      3.916     -3.651    0.052 
 486596.00    30.4828866495   114.5639830970     23.081      5.509     -3.007    0.048 
 486597.00    30.4828632590   114.5640482804     23.138      6.602     -2.340    0.051 
 486598.00    30.4828477181   114.5641244159     23.231      7.647     -1.522    0.113 
 486599.00    30.4828349163   114.5642085928     23.328      8.427     -1.434    0.071 
 486600.00    30.4828216151   114.5642997243     23.425      9.026     -1.537    0.130 
 486601.00    30.4828070015   114.5643959518     23.562      9.422     -1.702    0.141 
 486602.00    30.4827901353   114.5644922132     23.686      9.049     -1.998    0.136 
 486603.00    30.4827704133   114.5645842402     23.800      8.714     -2.287    0.110 
 486604.00    30.4827496363   114.5646739299     23.911      8.538     -2.275    0.154 
 486605.00    30.4827303168   114.5647644377     24.052      8.858     -2.108    0.119 
 486606.00    30.4827106293   114.5648560687     24.131      8.679     -2.192    0.026 
 486607.00    30.4826919013   114.5649438916     24.204      8.201     -2.059    0.101 
 486608.00    30.4826715924   114.5650269147     24.331      7.929     -2.402    0.152 
 486609.00    30.4826484097   114.5651086704     24.445      7.883     -2.598    0.105 
 486610.00    30.4826268229   114.5651920132     24.536      8.046     -2.179    0.076 
 486611.00    30.4826095413   114.5652777526     24.627      8.297     -1.808    0.092 
 486612.00    30.4825945767   114.5653651935     24.720      8.412     -1.550    0.083 
 486613.00    30.4825816007   114.5654514958     24.821      8.035     -1.417    0.128 
 486614.00    30.4825681943   114.5655317885     24.949      7.394     -1.540    0.130 
 486615.00    30.4825537085   114.5656045515     25.065      6.616     -1.620    0.105 
 486616.00    30.4825375596   114.5656690159     25.152      5.853     -1.872    0.089 
 486617.00    30.4825180317   114.5657238262     25.238      4.902     -2.322    0.097 
 486618.00    30.4824919838   114.5657685171     25.325      4.219     -3.117    0.067 
 486619.00    30.4824586364   114.5658062976     25.388      3.577     -3.970    0.053 
 486620.00    30.4824175077   114.5658356381     25.399      2.788     -4.934    0.028 
 486621.00    30.4823673148   114.5658567036     25.418      1.990     -6.018    0.047 
 486622.00    30.4823082784   114.5658738976     25.449      1.677     -7.027    0.003 
 486623.00    30.4822398220   114.5658879893     25.448      1.270     -8.095   -0.012 
 486624.00    30.4821622389   114.5658979283     25.437      0.959     -9.051    0.015 
 486625.00    30.4820766777   114.5659087347     25.413      1.113     -9.896    0.019 
 486626.00    30.4819838815   114.5659214376     25.398      1.315    -10.672   -0.110 
 486627.00    30.4818843155   114.5659368789     25.353      1.616    -11.390    0.007 
 486628.00    30.4817786505   114.5659554081     25.315      1.868    -12.048    0.002 
 486629.00    30.4816670497   114.5659752871     25.303      1.907    -12.694   -0.014 
 486630.00    30.4815495959   114.5659949324     25.272      1.877    -13.343   -0.018 
 486631.00    30.4814264076   114.5660136365     25.264      1.747    -13.960   -0.021 
 486632.00    30.4812978827   114.5660314253     25.302      1.748    -14.511    0.067 
 486633.00    30.4811647981   114.5660500171     25.361      1.806    -15.003    0.060 
 486634.00    30.4810273821   114.5660689284     25.451      1.828    -15.476    0.140 
 486635.00    30.4808858097   114.5660880161     25.530      1.858    -15.928    0.093 
 486636.00    30.4807423171   114.5661069084     25.586      1.782    -15.775    0.031 
 486637.00    30.4806017755   114.5661251120     25.667      1.734    -15.347    0.001 
 486638.00    30.4804650177   114.5661433114     25.664      1.721    -14.962    0.041 
 486639.00    30.4803313703   114.5661611313     25.691      1.699    -14.715   -0.028 
 486640.00    30.4801993168   114.5661787267     25.683      1.702    -14.545   -0.083 
 486641.00    30.4800686586   114.5661963293     25.647      1.687    -14.415   -0.036 
 486642.00    30.4799392531   114.5662139741     25.597      1.696    -14.287   -0.077 
 486643.00    30.4798109236   114.5662322239     25.579      1.790    -14.181   -0.020 
 486644.00    30.4796834330   114.5662511513     25.529      1.802    -14.087   -0.048 
 486645.00    30.4795569212   114.5662693874     25.501      1.723    -13.898   -0.029 
 486646.00    30.4794333130   114.5662874609     25.527      1.746    -13.523    0.012 
 486647.00    30.4793131992   114.5663056445     25.527      1.741    -13.091    0.010 
 486648.00    30.4791975721   114.5663232534     25.509      1.623    -12.442   -0.039 
 486649.00    30.4790905824   114.5663386777     25.495      1.390    -11.436   -0.045 
 486650.00    30.4789916913   114.5663522264     25.539      1.214    -10.311    0.048 
 486651.00    30.4789058667   114.5663643674     25.514      1.089     -8.730   -0.033 
 486652.00    30.4788335286   114.5663752591     25.516      0.970     -7.444    0.003 
 486653.00    30.4787719234   114.5663852320     25.499      0.880     -6.072   -0.031 
 486654.00    30.4787249816   114.5663944434     25.472      0.771     -4.328    0.001 
 486655.00    30.4786904937   114.5664028035     25.478      0.721     -3.402    0.028 
 486656.00    30.4786640981   114.5664107757     25.494      0.658     -2.586    0.031 
 486657.00    30.4786409243   114.5664194262     25.511      0.795     -2.567    0.013 
 486658.00    30.4786200265   114.5664296103     25.540      0.882     -2.158   -0.011 
 486659.00    30.4786026083   114.5664416443     25.553      1.002     -1.794    0.005 
 486660.00    30.4785878082   114.5664546956     25.552      1.228     -1.727    0.006 
 486661.00    30.4785716946   114.5664689731     25.555      1.386     -1.969   -0.014 
 486662.00    30.4785506334   114.5664836329     25.551      1.427     -2.377   -0.020 
 486663.00    30.4785277238   114.5664960134     25.549      1.274     -2.672   -0.015 
 486664.00    30.4785017282   114.5665065353     25.567      1.115     -3.043   -0.003 
 486665.00    30.4784721357   114.5665169433     25.551      1.045     -3.339   -0.038 
 486666.00    30.4784474722   114.5665268196     25.514      0.681     -1.943   -0.024 
 486667.00    30.4784307871   114.5665349921     25.494      0.781     -1.896   -0.017 
 486668.00    30.4784137424   114.5665454832     25.458      0.970     -1.903   -0.049 
 486669.00    30.4783968716   114.5665593434     25.423      1.365     -2.044   -0.046 
 486670.00    30.4783787768   114.5665792977     25.374      2.027     -2.163   -0.049 
 486671.00    30.4783597123   114.5666103579     25.300      3.394     -2.299   -0.098 
 486672.00    30.4783418647   114.5666557051     25.208      4.743     -1.923   -0.102 
 486673.00    30.4783286743   114.5667145373     25.087      6.108     -1.409   -0.081 
 486674.00    30.4783190535   114.5667847854     24.962      7.128     -0.859   -0.167 
 486675.00    30.4783144805   114.5668639647     24.801      7.905     -0.346   -0.163 
 486676.00    30.4783137614   114.5669503057     24.648      8.601      0.032   -0.157 
 486677.00    30.4783148931   114.5670435729     24.499      9.260      0.157   -0.145 
 486678.00    30.4783161714   114.5671433861     24.336      9.881      0.123   -0.148 
 486679.00    30.4783168188   114.5672495790     24.154     10.538      0.017   -0.244 
 486680.00    30.4783160589   114.5673624037     23.950     11.030     -0.139   -0.190 
 486681.00    30.4783142616   114.5674763347     23.767     10.846     -0.236   -0.180 
 486682.00    30.4783123051   114.5675878052     23.573     10.525     -0.181   -0.209 
 486683.00    30.4783114813   114.5676952721     23.402     10.155     -0.006   -0.180 
 486684.00    30.4783120974   114.5678000018     23.231      9.935      0.104   -0.202 
 486685.00    30.4783134043   114.5679022347     23.062      9.697      0.173   -0.161 
 486686.00    30.4783163358   114.5680022936     22.882      9.532      0.436   -0.168 
 486687.00    30.4783217012   114.5681017295     22.711      9.526      0.696   -0.175 
 486688.00    30.4783290343   114.5682026185     22.557      9.865      0.856   -0.162 
 486689.00    30.4783358214   114.5683081420     22.390     10.432      0.639   -0.152 
 486690.00    30.4783401068   114.5684193701     22.224     10.991      0.357   -0.138 
 486691.00    30.4783417831   114.5685368608     22.036     11.562      0.103   -0.229 
 486692.00    30.4783417710   114.5686577259     21.836     11.637     -0.072   -0.189 
 486693.00    30.4783411037   114.5687815238     21.645     12.115     -0.081   -0.230 
 486694.00    30.4783401176   114.5689092979     21.421     12.521     -0.149   -0.227 
 486695.00    30.4783389448   114.5690417142     21.191     12.776     -0.112   -0.147 
 486696.00    30.4783383569   114.5691752389     20.977     12.860     -0.039   -0.214 
 486697.00    30.4783383558   114.5693109779     20.668     13.230      0.020   -0.437 
 486698.00    30.4783388374   114.5694500631     20.495     13.377      0.116   -0.287 
 486699.00    30.4783393631   114.5695885621     20.258     13.287      0.038   -0.255 
 486700.00    30.4783389369   114.5697271349     20.031     13.378     -0.108   -0.236 
 486701.00    30.4783373799   114.5698673100     19.805     13.580     -0.221   -0.232 
 486702.00    30.4783348181   114.5700098845     19.571     13.843     -0.298   -0.261 
 486703.00    30.4783328419   114.5701561508     19.320     14.266     -0.146   -0.250 
 486704.00    30.4783325643   114.5703076608     19.055     14.785      0.021   -0.231 
 486705.00    30.4783332304   114.5704641911     18.797     15.205      0.119   -0.299 
 486706.00    30.4783341808   114.5706233863     18.528     15.454      0.092   -0.240 
 486707.00    30.4783347676   114.5707857136     18.281     15.722      0.037   -0.276 
 486708.00    30.4783346008   114.5709494824     18.057     15.804     -0.038   -0.216 
 486709.00    30.4783338722   114.5711147614     17.893     15.982     -0.116   -0.103 
 486710.00    30.4783326740   114.5712821135     17.797     16.156     -0.155   -0.069 
 486711.00    30.4783312785   114.5714510291     17.722     16.301     -0.127   -0.067 
 486712.00    30.4783306288   114.5716215265     17.650     16.455     -0.036   -0.076 
 486713.00    30.4783306994   114.5717938933     17.592     16.637      0.014   -0.048 
 486714.00    30.4783308353   114.5719678523     17.521     16.771      0.035   -0.098 
 486715.00    30.4783311293   114.5721430066     17.443     16.895      0.048   -0.073 
 486716.00    30.4783316216   114.5723196997     17.331     16.967      0.018   -0.075 
 486717.00    30.4783307366   114.5724962586     17.241     17.020     -0.158   -0.108 
 486718.00    30.4783291470   114.5726746428     17.148     17.216     -0.158   -0.109 
 486719.00    30.4783278759   114.5728531878     17.082     17.031     -0.114   -0.096 
 486720.00    30.4783269666   114.5730297466     16.997     16.854     -0.070   -0.085 
 486721.00    30.4783268694   114.5732036450     16.901     16.542      0.068   -0.041 
 486722.00    30.4783272321   114.5733743454     16.837     16.271      0.065   -0.078 
 486723.00    30.4783281635   114.5735429033     16.756     16.107      0.137   -0.091 
 486724.00    30.4783293227   114.5737098096     16.685     15.970      0.048   -0.049 
 486725.00    30.4783289791   114.5738751438     16.635     15.829     -0.142   -0.026 
 486726.00    30.4783266203   114.5740394330     16.569     15.759     -0.299   -0.057 
 486727.00    30.4783235396   114.5742034436     16.468     15.748     -0.334   -0.113 
 486728.00    30.4783206240   114.5743675961     16.358     15.774     -0.300   -0.047 
 486729.00    30.4783181482   114.5745318904     16.349     15.754     -0.214   -0.031 
 486730.00    30.4783164792   114.5746963932     16.266     15.802     -0.146   -0.051 
 486731.00    30.4783157498   114.5748614488     16.186     15.858     -0.051   -0.052 
 486732.00    30.4783151698   114.5750272158     16.117     15.939     -0.077   -0.048 
 486733.00    30.4783141092   114.5751936544     16.078     16.024     -0.152   -0.005 
 486734.00    30.4783128359   114.5753608437     16.116     16.084     -0.126    0.043 
 486735.00    30.4783116595   114.5755287335     16.183     16.152     -0.112    0.090 
 486736.00    30.4783108284   114.5756971593     16.278     16.191     -0.065    0.141 
 486737.00    30.4783107878   114.5758664897     16.417     16.305      0.031    0.163 
 486738.00    30.4783113525   114.5760373475     16.508     16.522      0.046    0.087 
 486739.00    30.4783118321   114.5762107700     16.596     16.778      0.042    0.122 
 486740.00    30.4783123518   114.5763869967     16.708     17.058      0.060    0.071 
 486741.00    30.4783123552   114.5765659994     16.805     17.338     -0.079    0.100 
 486742.00    30.4783106900   114.5767477743     16.919     17.601     -0.246    0.099 
 486743.00    30.4783083355   114.5769324886     17.014     17.867     -0.266    0.129 
 486744.00    30.4783060862   114.5771197142     17.118     17.967     -0.251    0.151 
 486745.00    30.4783039536   114.5773065193     17.224     17.997     -0.232    0.100 
 486746.00    30.4783019910   114.5774945587     17.312     18.041     -0.202    0.143 
 486747.00    30.4783004788   114.5776825639     17.400     18.074     -0.124   -0.127 
 486748.00    30.4782991015   114.5778690484     17.512     17.867     -0.159    0.165 
 486749.00    30.4782980216   114.5780553243     17.612     17.914     -0.035   -0.063 
 486750.00    30.4782978893   114.5782418750     17.738     17.917      0.015    0.151 
 486751.00    30.4782981450   114.5784272375     17.868     17.602      0.024    0.144 
 486752.00    30.4782982224   114.5786082326     17.966     17.162     -0.015    0.078 
 486753.00    30.4782975753   114.5787845821     18.070     16.699     -0.109    0.136 
 486754.00    30.4782960542   114.5789563565     18.190     16.276     -0.172    0.112 
 486755.00    30.4782942145   114.5791238333     18.274     15.888     -0.151    0.079 
 486756.00    30.4782941660   114.5792880601     18.378     15.605      0.023    0.102 
 486757.00    30.4782937585   114.5794483820     18.477     15.181     -0.031    0.068 
 486758.00    30.4782940918   114.5796019943     18.553     14.359      0.035    0.143 
 486759.00    30.4782945788   114.5797461228     18.649     13.140      0.035    0.083 
 486760.00    30.4782942681   114.5798735642     18.716     11.269     -0.049    0.101 
 486761.00    30.4782944152   114.5799766757     18.763      8.330      0.041    0.063 
 486762.00    30.4782951786   114.5800448745     18.806      4.679      0.075    0.012 
 486763.00    30.4782956979   114.5800755286     18.824      1.778      0.034    0.021 
 486764.00    30.4782958703   114.5800851836     18.829      0.096     -0.005    0.018 
 486765.00    30.4782958666   114.5800850073     18.838      0.006      0.014   -0.026 
 486766.00    30.4782958673   114.5800850017     18.838     -0.002     -0.008    0.013 
 486767.00    30.4782958701   114.5800850001     18.838     -0.004     -0.003    0.005 
 486768.00    30.4782958728   114.5800849983     18.836      0.001      0.011   -0.029 
 486769.00    30.4782958779   114.5800849951     18.835      0.001     -0.004    0.016 
 486770.00    30.4782958823   114.5800849937     18.834      0.005     -0.013    0.029 
 486771.00    30.4782958848   114.5800849896     18.833      0.002     -0.012    0.028 
 486772.00    30.4782958821   114.5800849885     18.834     -0.002     -0.006    0.012 
 486773.00    30.4782958733   114.5800849914     18.835     -0.003      0.001   -0.005 
 486774.00    30.4782958707   114.5800849954     18.837     -0.001      0.002   -0.003 
 486775.00    30.4782958711   114.5800850003     18.838     -0.003     -0.003    0.002 
 486776.00    30.4782958676   114.5800850050     18.839     -0.001      0.002   -0.002 
 486777.00    30.4782958701   114.5800850075     18.840      0.003     -0.000   -0.001 
 486778.00    30.4782958685   114.5800850110     18.840      0.002      0.001   -0.002 
 486779.00    30.4782958662   114.5800850209     18.840     -0.003     -0.007    0.013 
 486780.00    30.4782958646   114.5800850241     18.840     -0.001      0.007   -0.018 
 486781.00    30.4782958645   114.5800850235     18.839      0.001      0.017   -0.035 
 486782.00    30.4782958652   114.5800850220     18.839     -0.003      0.015   -0.035 
 486783.00    30.4782958649   114.5800850214     18.839     -0.002      0.016   -0.034 
 486784.00    30.4782958628   114.5800850197     18.839     -0.001      0.011   -0.025 
 486785.00    30.4782958588   114.5800850155     18.838     -0.002      0.006   -0.010 
 486786.00    30.4782958601   114.5800850074     18.839      0.001      0.007   -0.012 
 486787.00    30.4782958570   114.5800850047     18.839      0.005      0.008   -0.015 
 486788.00    30.4782958584   114.5800850079     18.839      0.006      0.013   -0.025 
 486789.00    30.4782958624   114.5800850125     18.839      0.002      0.015   -0.031 
 486790.00    30.4782958689   114.5800850167     18.839     -0.002      0.018   -0.036 
 486791.00    30.4782958734   114.5800850149     18.838     -0.000      0.017   -0.037 
 486792.00    30.4782958767   114.5800850093     18.837     -0.003      0.004   -0.012 
 486793.00    30.4782958840   114.5800850005     18.835     -0.002     -0.008    0.013 
 486794.00    30.4782958883   114.5800849979     18.834     -0.001     -0.012    0.023 
 486795.00    30.4782958867   114.5800850040     18.833      0.007     -0.007    0.014 
 486796.00    30.4782958800   114.5800850128     18.832      0.006      0.003   -0.004 
 486797.00    30.4782958749   114.5800850213     18.831      0.010     -0.014    0.025 
 486798.00    30.4782958726   114.5800850217     18.830      0.001      0.012   -0.022 
 486799.00    30.4782958758   114.5800850214     18.830      0.001     -0.007    0.018 
 486800.00    30.4782958774   114.5800850196     18.829      0.000      0.017   -0.034 
 486801.00    30.4782958787   114.5800850194     18.829     -0.004     -0.008    0.012 
 486802.00    30.4782958822   114.5800850157     18.828      0.001      0.020   -0.039 
 486803.00    30.4782958894   114.5800850110     18.829     -0.010     -0.007    0.013 
 486804.00    30.4782958953   114.5800850084     18.829      0.001      0.012   -0.021 
 486805.00    30.4782958938   114.5800850087     18.829     -0.004     -0.014    0.028 
 486806.00    30.4782958883   114.5800850119     18.830      0.007      0.007   -0.014 
 486807.00    30.4782958841   114.5800850129     18.830      0.002     -0.009    0.018 
 486808.00    30.4782958807   114.5800850155     18.831     -0.002     -0.013    0.030 
 486809.00    30.4782958768   114.5800850158     18.832      0.004      0.002   -0.002 
 486810.00    30.4782958731   114.5800850145     18.831     -0.001     -0.005    0.008 
 486811.00    30.4782958697   114.5800850129     18.830      0.003      0.013   -0.029 
 486812.00    30.4782958663   114.5800850153     18.829     -0.002     -0.007    0.009 
 486813.00    30.4782958673   114.5800850150     18.828      0.001      0.016   -0.028 
 486814.00    30.4782958712   114.5800850173     18.827      0.003     -0.007    0.012 
 486815.00    30.4782958798   114.5800850175     18.827      0.001      0.012   -0.022 
 486816.00    30.4782958832   114.5800850167     18.828      0.005     -0.016    0.035 
 486817.00    30.4782958831   114.5800850129     18.828      0.003      0.008   -0.016 
 486818.00    30.4782958759   114.5800850146     18.830     -0.001     -0.012    0.025 
 486819.00    30.4782958759   114.5800852913     18.831      0.123      0.008   -0.006 
 486820.00    30.4782960461   114.5800924877     18.840      1.478      0.043    0.011 
 486821.00    30.4782968119   114.5801174677     18.851      3.349      0.120    0.021 
 486822.00    30.4782981809   114.5801620792     18.858      5.187      0.165   -0.011 
 486823.00    30.4782997141   114.5802240442     18.874      6.691      0.177    0.054 
 486824.00    30.4783006639   114.5803001893     18.896      7.962      0.050   -0.005 
 486825.00    30.4782996951   114.5803885971     18.906      9.000     -0.178    0.008 
 486826.00    30.4782975767   114.5804871059     18.894      9.921     -0.212    0.028 
 486827.00    30.4782956337   114.5805955559     18.867     10.864     -0.214   -0.036 
 486828.00    30.4782938296   114.5807120548     18.825     11.258     -0.161   -0.013 
 486829.00    30.4782927160   114.5808284568     18.773     11.119     -0.101    0.028 
 486830.00    30.4782921886   114.5809448730     18.763     11.298     -0.003   -0.065 
 486831.00    30.4782916225   114.5810644194     18.701     11.644     -0.080   -0.038 
 486832.00    30.4782908521   114.5811878332     18.641     12.073     -0.084   -0.088 
 486833.00    30.4782899431   114.5813154017     18.597     12.437     -0.089   -0.055 
 486834.00    30.4782898908   114.5814471244     18.561     12.828      0.056   -0.006 
 486835.00    30.4782906154   114.5815826328     18.518     13.150      0.089   -0.056 
 486836.00    30.4782913212   114.5817207982     18.499     13.399      0.061   -0.004 
 486837.00    30.4782912119   114.5818619175     18.451     13.725     -0.091   -0.030 
 486838.00    30.4782897826   114.5820065103     18.397     14.012     -0.174   -0.092 
 486839.00    30.4782879370   114.5821519907     18.333     13.953     -0.213   -0.031 
 486840.00    30.4782866994   114.5822983182     18.277     14.157     -0.105   -0.010 
 486841.00    30.4782859197   114.5824472494     18.225     14.442     -0.106   -0.049 
 486842.00    30.4782848937   114.5825989765     18.167     14.695     -0.096   -0.082 
 486843.00    30.4782841099   114.5827523584     18.090     14.746     -0.055   -0.095 
 486844.00    30.4782836742   114.5829067093     18.051     14.872     -0.029   -0.057 
 486845.00    30.4782830314   114.5830606743     17.964     14.747     -0.082   -0.217 
 486846.00    30.4782817321   114.5832148125     17.720     14.908     -0.132   -0.245 
 486847.00    30.4782807318   114.5833715775     17.501     15.210     -0.128   -0.177 
 486848.00    30.4782793457   114.5835316541     17.292     15.548     -0.192   -0.211 
 486849.00    30.4782779454   114.5836953658     17.071     15.891     -0.082   -0.228 
 486850.00    30.4782777172   114.5838628492     16.845     16.254      0.010   -0.287 
 486851.00    30.4782779668   114.5840341804     16.607     16.656      0.053   -0.268 
 486852.00    30.4782782729   114.5842093259     16.379     16.975      0.008   -0.212 
 486853.00    30.4782780679   114.5843879463     16.122     17.323     -0.052   -0.264 
 486854.00    30.4782771131   114.5845698155     15.867     17.606     -0.149   -0.252 
 486855.00    30.4782753125   114.5847544360     15.591     17.873     -0.241   -0.316 
 486856.00    30.4782730231   114.5849417710     15.322     18.085     -0.256   -0.237 
 486857.00    30.4782711494   114.5851305561     15.091     18.078     -0.163   -0.240 
 486858.00    30.4782704620   114.5853174446     14.846     17.830     -0.017   -0.204 
 486859.00    30.4782702603   114.5855028036     14.606     17.820     -0.023   -0.369 
 486860.00    30.4782694734   114.5856884432     14.377     17.835     -0.091   -0.135 
 486861.00    30.4782687889   114.5858734008     14.294     17.662     -0.067   -0.052 
 486862.00    30.4782682659   114.5860564123     14.263     17.489     -0.050    0.032 
 486863.00    30.4782679841   114.5862379523     14.347     17.382     -0.030    0.132 
 486864.00    30.4782677928   114.5864178945     14.497     17.185     -0.033    0.164 
 486865.00    30.4782674826   114.5865961752     14.611     17.039     -0.016    0.122 
 486866.00    30.4782670612   114.5867729433     14.761     16.882     -0.064    0.160 
 486867.00    30.4782660386   114.5869477853     14.929     16.715     -0.180    0.226 
 486868.00    30.4782634901   114.5871208373     15.072     16.561     -0.330    0.128 
 486869.00    30.4782612994   114.5872928279     15.218     16.460     -0.160    0.167 
 486870.00    30.4782607002   114.5874635144     15.360     16.247      0.010    0.102 
 486871.00    30.4782608654   114.5876304916     15.521     15.866      0.029    0.147 
 486872.00    30.4782612710   114.5877934428     15.670     15.477      0.039    0.170 
 486873.00    30.4782611643   114.5879529602     15.818     15.170     -0.086    0.203 
 486874.00    30.4782596972   114.5881096811     15.940     14.936     -0.219    0.121 
 486875.00    30.4782580004   114.5882650160     16.081     14.891     -0.154    0.158 
 486876.00    30.4782571224   114.5884188480     16.229     14.573     -0.058    0.143 
 486877.00    30.4782569321   114.5885698012     16.383     14.488      0.002    0.158 
 486878.00    30.4782571812   114.5887207805     16.548     14.446      0.044    0.172 
 486879.00    30.4782576737   114.5888707929     16.662     14.379      0.031    0.096 
 486880.00    30.4782575548   114.5890199701     16.755     14.267     -0.080    0.133 
 486881.00    30.4782565006   114.5891676462     16.868     14.126     -0.185    0.123 
 486882.00    30.4782543786   114.5893137271     17.015     13.916     -0.284    0.187 
 486883.00    30.4782514162   114.5894569153     17.130     13.652     -0.343    0.072 
 486884.00    30.4782491285   114.5895980940     17.261     13.441     -0.159    0.108 
 486885.00    30.4782482132   114.5897363166     17.373     13.074     -0.077    0.099 
 486886.00    30.4782478852   114.5898702173     17.498     12.639     -0.001    0.116 
 486887.00    30.4782482235   114.5899995310     17.619     12.184      0.075    0.092 
 486888.00    30.4782488989   114.5901249905     17.726     12.035      0.064    0.149 
 486889.00    30.4782493864   114.5902516153     17.848     12.287      0.049    0.108 
 486890.00    30.4782494580   114.5903792171     17.969     12.166     -0.018    0.138 
 486891.00    30.4782490512   114.5905062928     18.094     12.330     -0.025    0.038 
 486892.00    30.4782483166   114.5906361889     18.203     12.594     -0.106    0.160 
 486893.00    30.4782473501   114.5907680717     18.317     12.746     -0.098    0.096 
 486894.00    30.4782464746   114.5909000000     18.423     12.493     -0.089    0.101 
 486895.00    30.4782457540   114.5910274364     18.536     11.805     -0.070    0.141 
 486896.00    30.4782451649   114.5911421295     18.656     10.153     -0.054    0.106 
 486897.00    30.4782448676   114.5912336951     18.749      7.111     -0.019    0.084 
 486898.00    30.4782448106   114.5912874345     18.806      3.108      0.001    0.038 
 486899.00    30.4782448119   114.5913018779     18.824     -0.171     -0.018    0.032 
 486900.00    30.4782447927   114.5913015460     18.839      0.000     -0.011    0.026 
 486901.00    30.4782447876   114.5913015296     18.839      0.001     -0.007    0.014 
 486902.00    30.4782447862   114.5913015327     18.839     -0.001     -0.012    0.025 
 486903.00    30.4782447879   114.5913015349     18.838     -0.001     -0.003    0.005 
 486904.00    30.4782447890   114.5913015407     18.837      0.001      0.013   -0.027 
 486905.00    30.4782447877   114.5913015437     18.837      0.002      0.006   -0.006 
 486906.00    30.4782447896   114.5913015398     18.836      0.004     -0.006    0.013 
 486907.00    30.4782447986   114.5913015323     18.834     -0.007     -0.004    0.011 
 486908.00    30.4782447957   114.5913015236     18.833      0.002      0.004   -0.004 
 486909.00    30.4782447980   114.5913015183     18.833     -0.001      0.004   -0.008 
 486910.00    30.4782447980   114.5913015137     18.832     -0.007     -0.001    0.001 
 486911.00    30.4782447981   114.5913015127     18.832     -0.001     -0.005    0.007 
 486912.00    30.4782448019   114.5913015191     18.831      0.001     -0.001   -0.002 
 486913.00    30.4782448020   114.5913015265     18.829      0.002      0.001   -0.004 
 486914.00    30.4782447974   114.5913015277     18.829      0.002      0.002   -0.006 
 486915.00    30.4782447936   114.5913015264     18.828      0.002      0.003   -0.003 
 486916.00    30.4782447918   114.5913015259     18.828      0.004      0.001    0.000 
 486917.00    30.4782447921   114.5913015263     18.828      0.001     -0.005    0.013 
 486918.00    30.4782447931   114.5913015285     18.827     -0.001     -0.003    0.008 
 486919.00    30.4782447941   114.5913015333     18.828     -0.005     -0.007    0.013 
 486920.00    30.4782447992   114.5913015373     18.829     -0.003     -0.002    0.005 
 486921.00    30.4782448029   114.5913015421     18.830      0.001     -0.001    0.000 
 486922.00    30.4782448051   114.5913015393     18.830     -0.005      0.003   -0.008 
 486923.00    30.4782448055   114.5913015323     18.830      0.002      0.008   -0.016 
 486924.00    30.4782448065   114.5913015305     18.829      0.005      0.005   -0.009 
 486925.00    30.4782448049   114.5913015325     18.828      0.003     -0.001    0.002 
 486926.00    30.4782448092   114.5913015402     18.826      0.001     -0.006    0.017 
 486927.00    30.4782448112   114.5913015438     18.825     -0.005     -0.009    0.017 
 486928.00    30.4782448103   114.5913015419     18.824      0.001     -0.002    0.002 
 486929.00    30.4782448114   114.5913015371     18.825      0.004     -0.000   -0.001 
 486930.00    30.4782448106   114.5913015343     18.826      0.000      0.005   -0.011 
 486931.00    30.4782448039   114.5913015359     18.827     -0.000      0.007   -0.013 
 486932.00    30.4782447991   114.5913015431     18.827     -0.003      0.003   -0.007 
 486933.00    30.4782447969   114.5913015461     18.828     -0.001     -0.005    0.011 
 486934.00    30.4782447989   114.5913015475     18.828      0.006     -0.006    0.013 
 486935.00    30.4782448000   114.5913015476     18.829      0.000     -0.009    0.019 
 486936.00    30.4782447979   114.5913015472     18.830      0.005     -0.004    0.009 
 486937.00    30.4782447965   114.5913015479     18.830     -0.002      0.005   -0.009 
 486938.00    30.4782447952   114.5913015473     18.830     -0.002      0.009   -0.016 
 486939.00    30.4782447955   114.5913015448     18.829     -0.002      0.004   -0.007 
 486940.00    30.4782447973   114.5913015405     18.828     -0.001      0.010   -0.017 
 486941.00    30.4782448024   114.5913015389     18.828      0.005     -0.000    0.003 
 486942.00    30.4782448068   114.5913015386     18.828      0.001     -0.006    0.018 
 486943.00    30.4782448092   114.5913015380     18.828     -0.001     -0.011    0.018 
 486944.00    30.4782448050   114.5913015409     18.828     -0.002     -0.009    0.015 
 486945.00    30.4782448032   114.5913015369     18.827      0.001      0.001   -0.001 
 486946.00    30.4782447980   114.5913015292     18.827     -0.001      0.007   -0.016 
 486947.00    30.4782447899   114.5913015186     18.827     -0.004      0.010   -0.018 
 486948.00    30.4782447809   114.5913015159     18.828     -0.001      0.005   -0.013 
 486949.00    30.4782447734   114.5913015189     18.830      0.003     -0.012    0.023 
 486950.00    30.4782447696   114.5913015236     18.831     -0.004     -0.008    0.016 
 486951.00    30.4782447680   114.5913015227     18.832     -0.005     -0.002    0.004 
 486952.00    30.4782447728   114.5913015165     18.833     -0.001      0.002   -0.001 
 486953.00    30.4782447792   114.5913015112     18.833      0.002      0.003   -0.008 
 486954.00    30.4782447813   114.5913015063     18.833      0.000      0.004   -0.005 
 486955.00    30.4782447814   114.5913015025     18.833      0.002      0.003   -0.004 
 486956.00    30.4782447815   114.5913015045     18.834      0.002      0.000    0.003 
 486957.00    30.4782447796   114.5913015113     18.833      0.003      0.000    0.000 
 486958.00    30.4782447777   114.5913015185     18.833      0.003     -0.004    0.006 
 486959.00    30.4782447778   114.5913015194     18.832     -0.002     -0.006    0.011 
 486960.00    30.4782447790   114.5913015234     18.831     -0.003     -0.006    0.008 
 486961.00    30.4782447811   114.5913015270     18.830      0.001     -0.004    0.005 
 486962.00    30.4782447837   114.5913015258     18.829      0.000     -0.001   -0.002 
 486963.00    30.4782447914   114.5913015183     18.829      0.002      0.006   -0.008 
 486964.00    30.4782447860   114.5913015165     18.830      0.008      0.004   -0.012 
 486965.00    30.4782447760   114.5913015226     18.830     -0.014      0.003    0.003 
 486966.00    30.4782447685   114.5913022489     18.833      0.445      0.006   -0.014 
 486967.00    30.4782447632   114.5913146735     18.856      2.048      0.001    0.018 
 486968.00    30.4782446449   114.5913452964     18.897      3.810     -0.024    0.074 
 486969.00    30.4782441827   114.5913932729     18.961      5.352     -0.063    0.041 
 486970.00    30.4782430501   114.5914557435     19.052      6.624     -0.183    0.149 
 486971.00    30.4782411667   114.5915289642     19.170      7.413     -0.215    0.065 
 486972.00    30.4782393928   114.5916114080     19.144      8.399     -0.171   -0.050 
 486973.00    30.4782386115   114.5917043884     19.046      9.447     -0.001   -0.108 
 486974.00    30.4782387311   114.5918086362     18.963     10.600     -0.009   -0.052 
 486975.00    30.4782387785   114.5919237386     18.891     11.544      0.001   -0.028 
 486976.00    30.4782387027   114.5920488925     18.819     12.450     -0.031   -0.047 
 486977.00    30.4782379084   114.5921826506     18.801     13.218     -0.093   -0.044 
 486978.00    30.4782367501   114.5923237194     18.682     13.693     -0.110   -0.106 
 486979.00    30.4782355834   114.5924661107     18.618     13.746     -0.130   -0.012 
 486980.00    30.4782347338   114.5926110591     18.575     14.134     -0.086   -0.074 
 486981.00    30.4782337990   114.5927604163     18.505     14.557     -0.113   -0.058 
 486982.00    30.4782331813   114.5929143353     18.454     14.976     -0.026   -0.029 
 486983.00    30.4782333908   114.5930724843     18.384     15.322      0.059   -0.047 
 486984.00    30.4782341334   114.5932316081     18.324     15.277      0.040   -0.069 
 486985.00    30.4782338918   114.5933911551     18.251     15.388     -0.079   -0.053 
 486986.00    30.4782326702   114.5935516849     18.180     15.443     -0.158   -0.056 
 486987.00    30.4782313901   114.5937130009     18.111     15.529     -0.148   -0.050 
 486988.00    30.4782302042   114.5938746048     18.045     15.499     -0.097    0.004 
 486989.00    30.4782303240   114.5940357677     17.986     15.447      0.092   -0.035 
 486990.00    30.4782322947   114.5941968207     17.926     15.471      0.309   -0.050 
 486991.00    30.4782348329   114.5943578599     17.851     15.421      0.207   -0.053 
 486992.00    30.4782356729   114.5945182110     17.794     15.419     -0.012   -0.056 
 486993.00    30.4782341589   114.5946788615     17.726     15.456     -0.277   -0.045 
 486994.00    30.4782306388   114.5948402889     17.657     15.538     -0.473   -0.037 
 486995.00    30.4782262758   114.5950024120     17.592     15.634     -0.475   -0.075 
 486996.00    30.4782225479   114.5951658937     17.505     15.719     -0.307   -0.027 
 486997.00    30.4782211306   114.5953299639     17.454     15.797     -0.068   -0.108 
 486998.00    30.4782212137   114.5954953175     17.394     15.962      0.059   -0.067 
 486999.00    30.4782222644   114.5956623731     17.323     16.120      0.147   -0.072 
 487000.00    30.4782232211   114.5958313013     17.253     16.327      0.049   -0.075 
 487001.00    30.4782227975   114.5960023703     17.163     16.539     -0.070   -0.129 
 487002.00    30.4782218102   114.5961754209     17.081     16.654     -0.118   -0.108 
 487003.00    30.4782205634   114.5963469958     17.015     16.282     -0.142   -0.049 
 487004.00    30.4782191500   114.5965146681     16.939     15.913     -0.173   -0.050 
 487005.00    30.4782176036   114.5966784868     16.881     15.548     -0.179   -0.064 
 487006.00    30.4782160133   114.5968383915     16.847     15.169     -0.173   -0.008 
 487007.00    30.4782149330   114.5969943013     16.814     14.772     -0.051   -0.174 
 487008.00    30.4782154005   114.5971466932     16.660     14.459      0.178   -0.062 
 487009.00    30.4782187504   114.5972954797     16.627     14.073      0.514   -0.059 
 487010.00    30.4782245072   114.5974404632     16.581     13.744      0.686   -0.022 
 487011.00    30.4782304668   114.5975841654     16.539     13.895      0.580   -0.031 
 487012.00    30.4782343408   114.5977302632     16.487     14.223      0.323   -0.076 
 487013.00    30.4782357497   114.5978802699     16.436     14.618      0.049   -0.051 
 487014.00    30.4782359144   114.5980345375     16.366     15.007      0.055   -0.085 
 487015.00    30.4782366383   114.5981932539     16.295     15.461      0.101   -0.070 
 487016.00    30.4782376421   114.5983564951     16.227     15.872      0.126   -0.078 
 487017.00    30.4782387879   114.5985239874     16.161     16.214      0.128   -0.076 
 487018.00    30.4782395633   114.5986916766     16.091     15.950      0.040   -0.104 
 487019.00    30.4782386380   114.5988556889     16.029     15.574     -0.196   -0.073 
 487020.00    30.4782370915   114.5990161638     15.956     15.277     -0.140   -0.081 
 487021.00    30.4782359145   114.5991736196     15.890     14.949     -0.127   -0.019 
 487022.00    30.4782350002   114.5993283637     15.827     14.759     -0.089   -0.072 
 487023.00    30.4782343720   114.5994804111     15.763     14.430     -0.057   -0.058 
 487024.00    30.4782340242   114.5996288420     15.688     14.056     -0.021   -0.073 
 487025.00    30.4782339683   114.5997733402     15.630     13.675      0.008   -0.050 
 487026.00    30.4782341925   114.5999126006     15.571     12.990      0.032   -0.077 
 487027.00    30.4782343611   114.6000426102     15.512     11.966      0.011   -0.061 
 487028.00    30.4782343370   114.6001615343     15.468     10.924     -0.045    0.032 
 487029.00    30.4782341184   114.6002731538     15.419     10.517     -0.042   -0.069 
 487030.00    30.4782332183   114.6003791449     15.381      9.734     -0.134   -0.056 
 487031.00    30.4782315746   114.6004748923     15.329      8.731     -0.222   -0.023 
 487032.00    30.4782291413   114.6005620205     15.284      8.108     -0.310   -0.025 
 487033.00    30.4782259925   114.6006442704     15.211      7.710     -0.345   -0.101 
 487034.00    30.4782235185   114.6007221087     15.182      7.224     -0.190    0.004 
 487035.00    30.4782237205   114.6007948035     15.164      6.656      0.180   -0.032 
 487036.00    30.4782288229   114.6008613893     15.149      5.914      0.867    0.001 
 487037.00    30.4782417275   114.6009196449     15.182      5.027      1.635    0.055 
 487038.00    30.4782602454   114.6009698532     15.189      4.706      2.322   -0.051 
 487039.00    30.4782868887   114.6010201650     15.157      4.738      3.337   -0.028 
 487040.00    30.4783218617   114.6010685543     15.132      4.455      4.226   -0.033 
 487041.00    30.4783662798   114.6011140969     15.054      4.240      5.443   -0.084 
 487042.00    30.4784217370   114.6011563530     14.934      3.711      6.690   -0.099 
 487043.00    30.4784880299   114.6011905872     14.825      2.731      7.857   -0.148 
 487044.00    30.4785609425   114.6012112143     14.689      1.212      8.077   -0.130 
 487045.00    30.4786333945   114.6012162541     14.570     -0.143      8.002   -0.121 
 487046.00    30.4787061805   114.6012115927     14.469     -0.616      8.239   -0.087 
 487047.00    30.4787838043   114.6012049962     14.368     -0.627      9.012   -0.104 
 487048.00    30.4788694162   114.6011988841     14.260     -0.559      9.981   -0.117 
 487049.00    30.4789636767   114.6011944867     14.135     -0.230     10.895   -0.106 
 487050.00    30.4790660886   114.6011927858     14.015     -0.207     11.795   -0.138 
 487051.00    30.4791762117   114.6011901454     13.875     -0.325     12.634   -0.153 
 487052.00    30.4792937163   114.6011860152     13.706     -0.453     13.424   -0.182 
 487053.00    30.4794183502   114.6011811613     13.538     -0.426     14.196   -0.160 
 487054.00    30.4795497381   114.6011773256     13.376     -0.304     14.929   -0.164 
 487055.00    30.4796876783   114.6011740443     13.200     -0.330     15.661   -0.212 
 487056.00    30.4798320100   114.6011706955     13.022     -0.302     16.354   -0.184 
 487057.00    30.4799824680   114.6011674599     12.871     -0.313     17.007   -0.153 
 487058.00    30.4801386249   114.6011641846     12.765     -0.326     17.606   -0.094 
 487059.00    30.4802993707   114.6011606534     12.688     -0.347     17.822   -0.048 
 487060.00    30.4804591860   114.6011567039     12.614     -0.431     17.627   -0.082 
 487061.00    30.4806169080   114.6011525038     12.538     -0.332     17.327   -0.052 
 487062.00    30.4807724995   114.6011491870     12.474     -0.317     17.153   -0.107 
 487063.00    30.4809261652   114.6011456570     12.414     -0.395     16.990   -0.089 
 487064.00    30.4810795279   114.6011408411     12.363     -0.507     17.038   -0.055 
 487065.00    30.4812331284   114.6011358442     12.327     -0.436     16.986   -0.050 
 487066.00    30.4813852480   114.6011314595     12.260     -0.403     16.720   -0.076 
 487067.00    30.4815343672   114.6011272511     12.202     -0.384     16.344   -0.056 
 487068.00    30.4816802313   114.6011232189     12.127     -0.368     15.983   -0.028 
 487069.00    30.4818227996   114.6011194811     12.097     -0.366     15.618   -0.039 
 487070.00    30.4819620042   114.6011158903     12.075     -0.341     15.248    0.046 
 487071.00    30.4820986066   114.6011121180     12.063     -0.373     15.004   -0.112 
 487072.00    30.4822323950   114.6011080632     11.961     -0.381     14.668   -0.069 
 487073.00    30.4823632202   114.6011040603     11.903     -0.381     14.348   -0.058 
 487074.00    30.4824908965   114.6011000895     11.883     -0.378     13.980   -0.022 
 487075.00    30.4826153163   114.6010961262     11.874     -0.392     13.605    0.016 
 487076.00    30.4827363558   114.6010921184     11.879     -0.395     13.224    0.011 
 487077.00    30.4828539189   114.6010881723     11.930     -0.364     12.862    0.093 
 487078.00    30.4829690914   114.6010842047     12.010     -0.417     12.606    0.097 
 487079.00    30.4830814746   114.6010786210     12.096     -0.705     12.333    0.087 
 487080.00    30.4831920300   114.6010698116     12.169     -0.868     12.200    0.079 
 487081.00    30.4833016446   114.6010619546     12.238     -0.605     12.104    0.040 
 487082.00    30.4834105222   114.6010570950     12.304     -0.359     12.036    0.098 
 487083.00    30.4835187684   114.6010539563     12.366     -0.307     11.954    0.044 
 487084.00    30.4836263228   114.6010501316     12.437     -0.433     11.977    0.073 
 487085.00    30.4837357198   114.6010453159     12.507     -0.485     12.267    0.066 
 487086.00    30.4838471265   114.6010408259     12.573     -0.348     12.481    0.043 
 487087.00    30.4839608295   114.6010377134     12.644     -0.254     12.743    0.053 
 487088.00    30.4840764450   114.6010354261     12.734     -0.210     12.899    0.095 
 487089.00    30.4841935025   114.6010331490     12.813     -0.227     12.984    0.136 
 487090.00    30.4843104764   114.6010306310     12.905     -0.243     12.882    0.126 
 487091.00    30.4844251826   114.6010279299     13.007     -0.278     12.584    0.099 
 487092.00    30.4845385490   114.6010249758     13.110     -0.297     12.590    0.085 
 487093.00    30.4846520692   114.6010218277     13.238     -0.281     12.534    0.131 
 487094.00    30.4847647941   114.6010193693     13.368     -0.195     12.541    0.118 
 487095.00    30.4848773112   114.6010174679     13.492     -0.190     12.426    0.182 
 487096.00    30.4849892161   114.6010149495     13.650     -0.324     12.314    0.162 
 487097.00    30.4851003189   114.6010108442     13.787     -0.420     12.380    0.066 
 487098.00    30.4852126785   114.6010065404     13.853     -0.388     12.537    0.044 
 487099.00    30.4853265882   114.6010028685     13.932     -0.299     12.706    0.136 
 487100.00    30.4854419867   114.6009999234     14.047     -0.263     12.876    0.097 
 487101.00    30.4855586877   114.6009974522     14.161     -0.214     13.011    0.071 
 487102.00    30.4856765947   114.6009949591     14.258     -0.252     13.119    0.093 
 487103.00    30.4857952880   114.6009920853     14.393     -0.315     13.146    0.149 
 487104.00    30.4859133375   114.6009886235     14.521     -0.367     13.007    0.139 
 487105.00    30.4860302825   114.6009846863     14.629     -0.382     12.918    0.099 
 487106.00    30.4861463956   114.6009809123     14.724     -0.341     12.833    0.137 
 487107.00    30.4862624911   114.6009776956     14.836     -0.301     12.909    0.080 
 487108.00    30.4863794029   114.6009744444     14.904     -0.341     13.015    0.026 
 487109.00    30.4864971085   114.6009703540     14.955     -0.431     13.029    0.020 
 487110.00    30.4866129568   114.6009661280     14.957     -0.319     12.655    0.002 
 487111.00    30.4867254707   114.6009634967     14.947     -0.191     12.302   -0.003 
 487112.00    30.4868363036   114.6009614625     14.915     -0.207     12.307   -0.030 
 487113.00    30.4869477819   114.6009589205     14.868     -0.285     12.406   -0.049 
 487114.00    30.4870600999   114.6009557775     14.835     -0.331     12.512   -0.039 
 487115.00    30.4871737327   114.6009520472     14.800     -0.386     12.686   -0.028 
 487116.00    30.4872892893   114.6009483870     14.771     -0.315     12.937   -0.048 
 487117.00    30.4874069173   114.6009455696     14.722     -0.222     13.163   -0.063 
 487118.00    30.4875268385   114.6009435907     14.680     -0.174     13.422   -0.026 
 487119.00    30.4876491724   114.6009413972     14.632     -0.266     13.688   -0.037 
 487120.00    30.4877734206   114.6009379760     14.596     -0.357     13.726    0.013 
 487121.00    30.4878955707   114.6009344710     14.613     -0.289     13.190    0.071 
 487122.00    30.4880091309   114.6009319725     14.659     -0.186     11.890    0.033 
 487123.00    30.4881091900   114.6009302957     14.720     -0.140     10.281    0.045 
 487124.00    30.4881938346   114.6009285677     14.790     -0.188      8.373    0.093 
 487125.00    30.4882582024   114.6009254697     14.828     -0.381      5.894    0.002 
 487126.00    30.4883024749   114.6009198295     14.900     -0.787      4.251    0.054 
 487127.00    30.4883338546   114.6009077536     14.944     -1.481      2.729    0.025 
 487128.00    30.4883524319   114.6008908475     14.985     -1.844      1.781    0.019 
 487129.00    30.4883644772   114.6008709723     15.007     -2.207      1.309    0.015 
 487130.00    30.4883724557   114.6008441814     15.023     -3.312      0.930    0.001 
 487131.00    30.4883731582   114.6008081510     15.037     -3.817     -0.225    0.015 
 487132.00    30.4883625540   114.6007723247     15.040     -3.879     -1.539   -0.017 
 487133.00    30.4883380978   114.6007390355     15.004     -3.475     -3.275   -0.051 
 487134.00    30.4883002951   114.6007128845     14.891     -2.604     -4.720   -0.149 
 487135.00    30.4882510766   114.6006975240     14.786     -1.369     -6.023   -0.126 
 487136.00    30.4881917417   114.6006945251     14.729     -0.095     -7.053   -0.052 
 487137.00    30.4881232088   114.6006986269     14.647      0.491     -8.115   -0.083 
 487138.00    30.4880454886   114.6007046182     14.616      0.582     -9.111   -0.027 
 487139.00    30.4879589646   114.6007092569     14.578      0.377    -10.056   -0.004 
 487140.00    30.4878642966   114.6007111215     14.535      0.113    -10.926   -0.046 
 487141.00    30.4877621500   114.6007125973     14.534      0.201    -11.710    0.014 
 487142.00    30.4876532873   114.6007162358     14.571      0.423    -12.434    0.054 
 487143.00    30.4875378945   114.6007210534     14.616      0.467    -13.144    0.043 
 487144.00    30.4874162565   114.6007258375     14.678      0.437    -13.820    0.048 
 487145.00    30.4872885232   114.6007294187     14.704      0.288    -14.500    0.050 
 487146.00    30.4871548532   114.6007322040     14.745      0.282    -15.145    0.076 
 487147.00    30.4870155405   114.6007349188     14.794      0.289    -15.750    0.050 
 487148.00    30.4868718362   114.6007383100     14.840      0.372    -16.028    0.010 
 487149.00    30.4867273402   114.6007427000     14.867      0.467    -15.909    0.050 
 487150.00    30.4865848747   114.6007469048     14.882      0.362    -15.757    0.016 
 487151.00    30.4864430965   114.6007495461     14.862      0.268    -15.686   -0.060 
 487152.00    30.4863015002   114.6007531369     14.804      0.396    -15.645   -0.102 
 487153.00    30.4861616626   114.6007577124     14.702      0.458    -15.349   -0.086 
 487154.00    30.4860240921   114.6007626567     14.579      0.464    -15.201   -0.203 
 487155.00    30.4858861725   114.6007672477     14.441      0.412    -15.330   -0.129 
 487156.00    30.4857480837   114.6007709650     14.313      0.334    -15.376   -0.137 
 487157.00    30.4856080073   114.6007746510     14.164      0.387    -15.585   -0.179 
 487158.00    30.4854678449   114.6007789316     13.999      0.429    -15.559   -0.137 
 487159.00    30.4853268134   114.6007832284     13.858      0.399    -15.724   -0.166 
 487160.00    30.4851852230   114.6007869144     13.712      0.296    -15.644   -0.128 
 487161.00    30.4850439740   114.6007896096     13.567      0.255    -15.729   -0.136 
 487162.00    30.4849011897   114.6007922691     13.423      0.263    -15.929   -0.152 
 487163.00    30.4847575768   114.6007948061     13.263      0.211    -15.824   -0.142 
 487164.00    30.4846163072   114.6007954186     13.118     -0.053    -15.506   -0.119 
 487165.00    30.4844775051   114.6007927809     12.955     -0.349    -15.301   -0.206 
 487166.00    30.4843405101   114.6007888787     12.842     -0.307    -15.008   -0.141 
 487167.00    30.4842064053   114.6007864481     12.731     -0.183    -14.710   -0.114 
 487168.00    30.4840751983   114.6007852994     12.635     -0.056    -14.387   -0.073 
 487169.00    30.4839469428   114.6007858910     12.546      0.135    -14.062   -0.073 
 487170.00    30.4838216406   114.6007889638     12.473      0.440    -13.724   -0.019 
 487171.00    30.4836996054   114.6007957579     12.414      0.764    -13.340   -0.073 
 487172.00    30.4835809425   114.6008054700     12.355      1.017    -12.990   -0.083 
 487173.00    30.4834640167   114.6008158790     12.283      0.947    -13.017   -0.073 
 487174.00    30.4833455452   114.6008244685     12.229      0.747    -13.202   -0.064 
 487175.00    30.4832261646   114.6008299484     12.155      0.347    -13.198   -0.077 
 487176.00    30.4831084563   114.6008299494     12.080     -0.190    -12.873   -0.111 
 487177.00    30.4829936837   114.6008251461     12.001     -0.596    -12.555   -0.071 
 487178.00    30.4828820832   114.6008175751     11.921     -0.755    -12.191   -0.088 
 487179.00    30.4827738957   114.6008083070     11.840     -0.993    -11.786   -0.092 
 487180.00    30.4826694051   114.6007968097     11.779     -1.081    -11.371   -0.055 
 487181.00    30.4825700104   114.6007866524     11.753     -0.894    -10.503   -0.028 
 487182.00    30.4824797269   114.6007784021     11.735     -0.736     -9.584    0.037 
 487183.00    30.4823983263   114.6007693783     11.766     -1.000     -8.578    0.012 
 487184.00    30.4823265239   114.6007518902     11.831     -1.903     -7.458    0.057 
 487185.00    30.4822648098   114.6007244269     11.895     -2.828     -6.211    0.085 
 487186.00    30.4822163785   114.6006851647     11.970     -3.783     -4.697    0.111 
 487187.00    30.4821822341   114.6006386605     12.082     -4.436     -3.330    0.092 
 487188.00    30.4821574912   114.6005832399     12.154     -5.598     -2.558    0.036 
 487189.00    30.4821366965   114.6005175469     12.189     -6.715     -2.249    0.055 
 487190.00    30.4821187870   114.6004412857     12.245     -7.698     -1.852    0.074 
 487191.00    30.4821047058   114.6003550895     12.319     -8.688     -1.406    0.071 
 487192.00    30.4820956509   114.6002585612     12.378     -9.661     -0.734    0.046 
 487193.00    30.4820928939   114.6001521878     12.403    -10.598     -0.039    0.036 
 487194.00    30.4820927757   114.6000376158     12.437    -11.365     -0.061    0.019 
 487195.00    30.4820916934   114.5999156157     12.476    -12.077     -0.170    0.041 
 487196.00    30.4820896996   114.5997862604     12.516    -12.756     -0.271    0.040 
 487197.00    30.4820866263   114.5996499064     12.556    -13.418     -0.401    0.062 
 487198.00    30.4820825420   114.5995066865     12.612    -14.075     -0.473    0.100 
 487199.00    30.4820788382   114.5993564115     12.666    -14.739     -0.350    0.082 
 487200.00    30.4820773291   114.5992022476     12.709    -14.714     -0.039    0.068 
 487201.00    30.4820779391   114.5990478446     12.769    -14.947      0.116    0.043 
 487202.00    30.4820790839   114.5988901787     12.791    -15.331      0.105    0.078 
 487203.00    30.4820797182   114.5987285641     12.848    -15.722      0.001    0.076 
 487204.00    30.4820794093   114.5985631816     12.894    -15.955     -0.044    0.052 
 487205.00    30.4820795991   114.5983963450     12.951    -16.069      0.098    0.049 
 487206.00    30.4820813629   114.5982295279     12.995    -15.931      0.241    0.042 
 487207.00    30.4820830070   114.5980648290     13.036    -15.645      0.123    0.038 
 487208.00    30.4820835975   114.5979042068     13.100    -15.194      0.036    0.087 
 487209.00    30.4820860005   114.5977505597     13.173    -13.994      0.565    0.081 
 487210.00    30.4820944988   114.5976099190     13.242    -13.182      1.170    0.075 
 487211.00    30.4821055925   114.5974744756     13.299    -12.860      1.091    0.074 
 487212.00    30.4821116110   114.5973417369     13.362    -12.768      0.368    0.105 
 487213.00    30.4821132254   114.5972088948     13.481    -12.736      0.112    0.028 
 487214.00    30.4821130339   114.5970766920     13.576    -12.692      0.006    0.083 
 487215.00    30.4821140254   114.5969429587     13.695    -13.015      0.153    0.093 
 487216.00    30.4821149773   114.5968050396     13.732    -13.490      0.050    0.052 
 487217.00    30.4821148854   114.5966621949     13.812    -13.954     -0.079    0.152 
 487218.00    30.4821140249   114.5965145978     13.882    -14.393     -0.117    0.072 
 487219.00    30.4821135276   114.5963623817     13.971    -14.817     -0.025    0.105 
 487220.00    30.4821136716   114.5962058792     14.070    -15.217      0.042    0.085 
 487221.00    30.4821142322   114.5960452704     14.170    -15.618      0.065    0.099 
 487222.00    30.4821146302   114.5958805906     14.310    -16.010      0.049    0.146 
 487223.00    30.4821151920   114.5957116885     14.475    -16.417      0.089    0.160 
 487224.00    30.4821163215   114.5955388466     14.688    -16.788      0.152    0.212 
 487225.00    30.4821177047   114.5953625299     14.943    -17.068      0.158    0.292 
 487226.00    30.4821191958   114.5951840410     15.247    -17.044      0.160    0.338 
 487227.00    30.4821206558   114.5950089135     15.583    -16.601      0.136    0.331 
 487228.00    30.4821214840   114.5948370701     15.918    -16.442      0.073    0.311 
 487229.00    30.4821221277   114.5946664260     16.243    -16.327      0.090    0.292 
 487230.00    30.4821227999   114.5944971199     16.579    -16.246      0.091    0.306 
 487231.00    30.4821234809   114.5943295453     16.898    -15.848      0.048    0.395 
 487232.00    30.4821235231   114.5941669209     17.211    -15.443     -0.078    0.321 
 487233.00    30.4821217393   114.5940070368     17.528    -15.282     -0.299    0.332 
 487234.00    30.4821180554   114.5938487187     17.835    -15.138     -0.499    0.321 
 487235.00    30.4821128646   114.5936921716     18.164    -14.948     -0.589    0.324 
 487236.00    30.4821086497   114.5935379990     18.467    -14.567     -0.299    0.292 
 487237.00    30.4821074287   114.5933877831     18.760    -14.195     -0.017    0.261 
 487238.00    30.4821073532   114.5932426776     19.053    -13.655      0.018    0.232 
 487239.00    30.4821073778   114.5931021598     19.312    -13.383      0.023    0.254 
 487240.00    30.4821077177   114.5929647193     19.543    -12.941      0.079    0.219 
 487241.00    30.4821093578   114.5928323903     19.735    -12.431      0.290    0.147 
 487242.00    30.4821135652   114.5927052893     19.890    -11.943      0.562    0.164 
 487243.00    30.4821180947   114.5925831874     20.003    -11.519      0.432    0.092 
 487244.00    30.4821208884   114.5924659783     20.109    -10.989      0.226    0.118 
 487245.00    30.4821220227   114.5923545224     20.182    -10.456      0.068    0.045 
 487246.00    30.4821219303   114.5922492385     20.237     -9.772     -0.056    0.077 
 487247.00    30.4821215527   114.5921500343     20.278     -9.245      0.033    0.045 
 487248.00    30.4821231846   114.5920558494     20.323     -8.781      0.244    0.011 
 487249.00    30.4821248984   114.5919671104     20.321     -8.147      0.131   -0.056 
 487250.00    30.4821252797   114.5918909222     20.295     -6.437     -0.018    0.009 
 487251.00    30.4821248528   114.5918357837     20.310     -4.031     -0.054    0.018 
 487252.00    30.4821243295   114.5918056127     20.325     -2.373     -0.050    0.015 
 487253.00    30.4821238447   114.5917843087     20.335     -1.633     -0.041   -0.014 
 487254.00    30.4821235084   114.5917722829     20.334     -0.634     -0.012   -0.011 
 487255.00    30.4821234607   114.5917705083     20.336      0.001      0.017   -0.032 
 487256.00    30.4821234591   114.5917705014     20.336      0.003      0.007   -0.013 
 487257.00    30.4821234596   114.5917705013     20.336      0.001      0.006   -0.009 
 487258.00    30.4821234619   114.5917705013     20.337      0.008      0.008   -0.014 
 487259.00    30.4821234636   114.5917704983     20.336      0.002     -0.007    0.017 
 487260.00    30.4821234649   114.5917704956     20.336      0.003     -0.008    0.020 
 487261.00    30.4821234661   114.5917704939     20.335      0.003     -0.007    0.017 
 487262.00    30.4821234670   114.5917704907     20.335      0.004     -0.009    0.020 
 487263.00    30.4821234688   114.5917704923     20.335      0.004     -0.010    0.020 
 487264.00    30.4821234719   114.5917704982     20.334      0.000     -0.012    0.024 
 487265.00    30.4821234710   114.5917705042     20.333      0.013     -0.010    0.020 
 487266.00    30.4821234701   114.5917705096     20.332      0.014     -0.007    0.018 
 487267.00    30.4821234665   114.5917705119     20.331      0.003     -0.018    0.037 
 487268.00    30.4821234608   114.5917705131     20.331      0.006     -0.015    0.036 
 487269.00    30.4821234555   114.5917705109     20.331     -0.002     -0.013    0.027 
 487270.00    30.4821234495   114.5917705050     20.331     -0.003      0.004   -0.008 
 487271.00    30.4821234496   114.5917705034     20.332      0.000      0.017   -0.036 
 487272.00    30.4821234529   114.5917705032     20.331      0.000      0.018   -0.036 
 487273.00    30.4821234580   114.5917705064     20.332     -0.006      0.003   -0.011 
 487274.00    30.4821234608   114.5917705056     20.332      0.002     -0.014    0.029 
 487275.00    30.4821234586   114.5917705041     20.331     -0.005      0.015   -0.034 
 487276.00    30.4821234572   114.5917705025     20.331     -0.001     -0.007    0.011 
 487277.00    30.4821234592   114.5917704986     20.330     -0.008     -0.008    0.014 
 487278.00    30.4821234608   114.5917704959     20.330     -0.001     -0.002    0.003 
 487279.00    30.4821234593   114.5917704903     20.330      0.015     -0.007    0.021 
 487280.00    30.4821234546   114.5917704873     20.330      0.002      0.011   -0.020 
 487281.00    30.4821234519   114.5917704842     20.330      0.008     -0.019    0.038 
 487282.00    30.4821234464   114.5917704807     20.330      0.011      0.018   -0.034 
 487283.00    30.4821234452   114.5917704835     20.331      0.002     -0.009    0.017 
 487284.00    30.4821234459   114.5917704850     20.331     -0.002      0.000    0.001 
 487285.00    30.4821234522   114.5917704898     20.332     -0.003      0.014   -0.027 
 487286.00    30.4821234586   114.5917704938     20.332      0.004     -0.004    0.010 
 487287.00    30.4821234582   114.5917704942     20.332     -0.016      0.008   -0.020 
 487288.00    30.4821234490   114.5917703239     20.334     -0.093     -0.015    0.030 
 487289.00    30.4821233207   114.5917656505     20.340     -1.113     -0.043    0.036 
 487290.00    30.4821226697   114.5917442820     20.337     -3.023     -0.082    0.013 
 487291.00    30.4821217687   114.5917032826     20.375     -4.821     -0.117    0.057 
 487292.00    30.4821203344   114.5916447604     20.398     -6.344     -0.208    0.076 
 487293.00    30.4821187169   114.5915717480     20.466     -7.609     -0.223    0.177 
 487294.00    30.4821173987   114.5914864431     20.524     -8.769     -0.119   -0.005 
 487295.00    30.4821168651   114.5913924144     20.486     -9.244     -0.059   -0.018 
 487296.00    30.4821169168   114.5912925494     20.533     -9.900      0.066    0.088 
 487297.00    30.4821185345   114.5911863451     20.598    -10.456      0.244    0.098 
 487298.00    30.4821206378   114.5910745720     20.708    -10.970      0.203    0.169 
 487299.00    30.4821225000   114.5909581590     20.949    -11.366      0.250    0.219 
 487300.00    30.4821243569   114.5908371244     21.007    -11.877      0.181    0.085 
 487301.00    30.4821260778   114.5907109116     21.083    -12.350      0.182    0.129 
 487302.00    30.4821274461   114.5905798593     21.184    -12.815      0.108    0.118 
 487303.00    30.4821279135   114.5904440940     21.232    -13.283     -0.023    0.038 
 487304.00    30.4821273775   114.5903037022     21.327    -13.656     -0.087    0.104 
 487305.00    30.4821266592   114.5901605602     21.438    -13.657     -0.034    0.123 
 487306.00    30.4821272397   114.5900199304     21.517    -13.288      0.141    0.090 
 487307.00    30.4821290879   114.5898826598     21.612    -13.057      0.224    0.136 
 487308.00    30.4821312564   114.5897476894     21.700    -12.877      0.219    0.075 
 487309.00    30.4821323610   114.5896149073     21.776    -12.582      0.066    0.108 
 487310.00    30.4821326885   114.5894859501     21.854    -12.189     -0.076    0.085 
 487311.00    30.4821302605   114.5893617191     21.942    -11.703     -0.365    0.144 
 487312.00    30.4821273246   114.5892424517     22.017    -11.235     -0.299    0.041 
 487313.00    30.4821253317   114.5891285875     22.099    -10.452     -0.141    0.071 
 487314.00    30.4821247717   114.5890297419     22.150     -8.418     -0.003    0.050 
 487315.00    30.4821250327   114.5889544307     22.187     -5.931      0.024    0.041 
 487316.00    30.4821251568   114.5889078311     22.205     -2.837      0.010    0.004 
 487317.00    30.4821251633   114.5888885341     22.213     -1.173      0.009   -0.013 
 487318.00    30.4821251430   114.5888826297     22.216      0.063     -0.009    0.017 
 487319.00    30.4821251407   114.5888827425     22.223     -0.024     -0.010    0.019 
 487320.00    30.4821251320   114.5888800300     22.228     -0.755     -0.003   -0.010 
 487321.00    30.4821250643   114.5888648074     22.240     -2.392     -0.012    0.027 
 487322.00    30.4821248387   114.5888302521     22.248     -4.224     -0.042    0.003 
 487323.00    30.4821241678   114.5887774589     22.248     -5.867     -0.095    0.004 
 487324.00    30.4821229907   114.5887090748     22.243     -7.229     -0.153    0.010 
 487325.00    30.4821216699   114.5886274518     22.244     -8.408     -0.120   -0.020 
 487326.00    30.4821210021   114.5885340370     22.174     -9.354     -0.011   -0.137 
 487327.00    30.4821217405   114.5884335396     22.044    -10.017      0.154   -0.134 
 487328.00    30.4821231866   114.5883247918     21.942    -10.867      0.159   -0.126 
 487329.00    30.4821245719   114.5882075331     21.804    -11.668      0.124   -0.127 
 487330.00    30.4821261821   114.5880819135     21.592    -12.452      0.193   -0.210 
 487331.00    30.4821283735   114.5879484490     21.377    -13.166      0.228   -0.212 
 487332.00    30.4821297203   114.5878078955     21.156    -13.814      0.118   -0.234 
 487333.00    30.4821306952   114.5876607683     20.916    -14.382      0.146   -0.190 
 487334.00    30.4821329131   114.5875082995     20.658    -14.843      0.310   -0.290 
 487335.00    30.4821356341   114.5873527487     20.391    -14.941      0.298   -0.247 
 487336.00    30.4821386841   114.5871976985     20.145    -14.788      0.378   -0.255 
 487337.00    30.4821417909   114.5870449342     19.896    -14.567      0.281   -0.269 
 487338.00    30.4821439379   114.5868946539     19.702    -14.285      0.236   -0.320 
 487339.00    30.4821459355   114.5867490579     19.419    -13.450      0.189   -0.209 
 487340.00    30.4821472786   114.5866136841     19.195    -12.474      0.127   -0.264 
 487341.00    30.4821479455   114.5864909362     19.011    -11.019      0.047   -0.128 
 487342.00    30.4821484241   114.5863860639     18.881     -9.046      0.068   -0.142 
 487343.00    30.4821491870   114.5863028997     18.707     -6.873      0.067   -0.138 
 487344.00    30.4821496646   114.5862451881     18.588     -4.047      0.031   -0.076 
 487345.00    30.4821497916   114.5862193947     18.542     -1.237      0.001   -0.020 
 487346.00    30.4821497847   114.5862160428     18.546     -0.003     -0.008    0.019 
 487347.00    30.4821497788   114.5862160132     18.546     -0.006     -0.006    0.005 
 487348.00    30.4821497752   114.5862160062     18.545     -0.005      0.002   -0.006 
 487349.00    30.4821497738   114.5862160009     18.544      0.008     -0.004    0.012 
 487350.00    30.4821497751   114.5862160002     18.544      0.004     -0.012    0.027 
 487351.00    30.4821497763   114.5862160059     18.545      0.002      0.008   -0.018 
 487352.00    30.4821497798   114.5862160112     18.545      0.003     -0.005    0.016 
 487353.00    30.4821497774   114.5862160160     18.546      0.007     -0.016    0.034 
 487354.00    30.4821497766   114.5862157851     18.547     -0.148      0.001   -0.006 
 487355.00    30.4821498088   114.5862114188     18.544     -0.797      0.000   -0.014 
 487356.00    30.4821498977   114.5861935495     18.523     -2.732      0.012   -0.047 
 487357.00    30.4821500899   114.5861544595     18.473     -4.728      0.032   -0.079 
 487358.00    30.4821502417   114.5860962284     18.381     -6.402     -0.002   -0.085 
 487359.00    30.4821501390   114.5860220157     18.302     -7.823     -0.005   -0.071 
 487360.00    30.4821499699   114.5859334800     18.192     -9.197     -0.017   -0.104 
 487361.00    30.4821498535   114.5858300821     17.992    -10.624     -0.012   -0.182 
 487362.00    30.4821500126   114.5857122238     17.772    -11.912      0.050   -0.215 
 487363.00    30.4821508240   114.5855869244     17.552    -12.124      0.113   -0.116 
 487364.00    30.4821519840   114.5854590952     17.402    -12.471      0.100   -0.170 
 487365.00    30.4821534462   114.5853264276     17.253    -13.050      0.159   -0.056 
 487366.00    30.4821545102   114.5851874551     17.190    -13.663      0.108   -0.004 
 487367.00    30.4821555251   114.5850422130     17.217    -14.229      0.097    0.033 
 487368.00    30.4821559499   114.5848911975     17.332    -14.810      0.004    0.126 
 487369.00    30.4821549144   114.5847342933     17.493    -15.320     -0.176    0.136 
 487370.00    30.4821532898   114.5845725334     17.695    -15.756     -0.168    0.210 
 487371.00    30.4821514620   114.5844058967     17.889    -16.237     -0.249    0.235 
 487372.00    30.4821492419   114.5842341739     18.080    -16.733     -0.264    0.177 
 487373.00    30.4821467321   114.5840575233     18.284    -17.179     -0.298    0.309 
 487374.00    30.4821448647   114.5838761802     18.498    -17.629     -0.121    0.210 
 487375.00    30.4821443372   114.5836902229     18.698    -18.053      0.010    0.194 
 487376.00    30.4821446684   114.5834995931     18.897    -18.580      0.070    0.190 
 487377.00    30.4821455811   114.5833044958     19.092    -18.746      0.098    0.270 
 487378.00    30.4821461409   114.5831098347     19.365    -18.729      0.015    0.274 
 487379.00    30.4821467241   114.5829138243     19.579    -18.941      0.086    0.089 
 487380.00    30.4821474617   114.5827152781     19.765    -19.066      0.066    0.153 
 487381.00    30.4821481472   114.5825190252     20.004    -18.685      0.106    0.242 
 487382.00    30.4821496167   114.5823260702     20.208    -18.375      0.183    0.199 
 487383.00    30.4821509659   114.5821364224     20.428    -18.043      0.140    0.239 
 487384.00    30.4821528061   114.5819508592     20.628    -17.580      0.248    0.229 
 487385.00    30.4821558228   114.5817702136     20.840    -17.079      0.382    0.215 
 487386.00    30.4821601241   114.5815944976     21.042    -16.685      0.515    0.068 
 487387.00    30.4821647245   114.5814230951     21.172    -16.220      0.467    0.102 
 487388.00    30.4821687687   114.5812568194     21.326    -15.732      0.464    0.191 
 487389.00    30.4821722383   114.5810955640     21.487    -15.255      0.315    0.134 
 487390.00    30.4821740523   114.5809396534     21.716    -14.718      0.136    0.180 
 487391.00    30.4821744263   114.5807891448     21.874    -14.177      0.028    0.089 
 487392.00    30.4821748501   114.5806437981     21.999    -13.659      0.110    0.073 
 487393.00    30.4821759001   114.5805068849     22.095    -12.723      0.082    0.072 
 487394.00    30.4821763733   114.5803774166     22.281    -12.182      0.017    0.131 
 487395.00    30.4821761736   114.5802528659     22.289    -11.845     -0.019   -0.137 
 487396.00    30.4821755962   114.5801289700     22.226    -12.002     -0.138    0.053 
 487397.00    30.4821740681   114.5800021310     22.198    -12.373     -0.189   -0.057 
 487398.00    30.4821725645   114.5798708801     22.154    -12.840     -0.071   -0.093 
 487399.00    30.4821721340   114.5797346816     22.095    -13.324     -0.005   -0.021 
 487400.00    30.4821722977   114.5795934069     22.062    -13.793      0.019    0.019 
 487401.00    30.4821721447   114.5794472890     22.008    -14.283     -0.045   -0.093 
 487402.00    30.4821712117   114.5792957516     21.937    -14.833     -0.152   -0.031 
 487403.00    30.4821693935   114.5791382380     21.880    -15.417     -0.231   -0.136 
 487404.00    30.4821674887   114.5789748600     21.792    -15.959     -0.191   -0.097 
 487405.00    30.4821664294   114.5788059744     21.710    -16.470     -0.063   -0.062 
 487406.00    30.4821667893   114.5786315556     21.615    -17.020      0.114   -0.073 
 487407.00    30.4821678002   114.5784516879     21.534    -17.527      0.086   -0.110 
 487408.00    30.4821681618   114.5782668227     21.494    -17.985     -0.015   -0.066 
 487409.00    30.4821683217   114.5780769051     21.422    -18.473      0.024   -0.043 
 487410.00    30.4821688461   114.5778821912     21.312    -18.923      0.097   -0.089 
 487411.00    30.4821701364   114.5776828448     21.230    -19.351      0.189   -0.109 
 487412.00    30.4821715463   114.5774790276     21.125    -19.775      0.138   -0.077 
 487413.00    30.4821729480   114.5772709369     21.065    -20.199      0.209   -0.109 
 487414.00    30.4821740282   114.5770611185     20.956    -19.989      0.138   -0.076 
 487415.00    30.4821748763   114.5768550931     20.831    -19.564      0.097   -0.207 
 487416.00    30.4821766180   114.5766534424     20.768    -19.173      0.231   -0.117 
 487417.00    30.4821785680   114.5764537535     20.644    -19.221      0.191   -0.085 
 487418.00    30.4821799092   114.5762529342     20.553    -19.316      0.083   -0.055 
 487419.00    30.4821804693   114.5760524539     20.464    -19.092      0.026   -0.079 
 487420.00    30.4821803981   114.5758557546     20.386    -18.689     -0.043   -0.035 
 487421.00    30.4821797271   114.5756636282     20.420    -18.217     -0.091    0.120 
 487422.00    30.4821795289   114.5754763705     20.509    -17.723      0.018    0.110 
 487423.00    30.4821796690   114.5752941723     20.603    -17.263     -0.003    0.116 
 487424.00    30.4821790896   114.5751160803     20.657    -16.973     -0.065    0.006 
 487425.00    30.4821799515   114.5749411691     20.644    -16.565      0.212    0.006 
 487426.00    30.4821829229   114.5747699304     20.753    -16.419      0.349    0.017 
 487427.00    30.4821859535   114.5745982130     20.813    -16.604      0.304    0.062 
 487428.00    30.4821882606   114.5744247551     20.894    -16.754      0.178    0.075 
 487429.00    30.4821895139   114.5742492440     20.992    -16.962      0.088    0.113 
 487430.00    30.4821896196   114.5740715653     21.082    -17.169     -0.030    0.120 
 487431.00    30.4821891696   114.5738919923     21.194    -17.336     -0.062    0.122 
 487432.00    30.4821887400   114.5737110704     21.280    -17.369     -0.014    0.052 
 487433.00    30.4821887174   114.5735301076     21.348    -17.386      0.018    0.113 
 487434.00    30.4821896025   114.5733484708     21.422    -17.480      0.117    0.158 
 487435.00    30.4821909228   114.5731652131     21.499    -17.723      0.163    0.077 
 487436.00    30.4821919407   114.5729795989     21.563    -17.929      0.095    0.082 
 487437.00    30.4821928928   114.5727916804     21.656    -18.108      0.158    0.074 
 487438.00    30.4821944885   114.5726022574     21.755    -18.268      0.181    0.105 
 487439.00    30.4821961334   114.5724111569     21.838    -18.443      0.187    0.060 
 487440.00    30.4821976508   114.5722183552     21.912    -18.557      0.157    0.049 
 487441.00    30.4821987323   114.5720255518     22.008    -18.491      0.100    0.116 
 487442.00    30.4821995794   114.5718337803     22.093    -18.308      0.054    0.119 
 487443.00    30.4822000968   114.5716428937     22.186    -18.392      0.035    0.075 
 487444.00    30.4822004217   114.5714509434     22.289    -18.347      0.026    0.169 
 487445.00    30.4822011000   114.5712612280     22.469    -18.146      0.093    0.221 
 487446.00    30.4822022292   114.5710718922     22.702    -18.209      0.122    0.188 
 487447.00    30.4822030643   114.5708829206     23.003    -18.093      0.105    0.323 
 487448.00    30.4822041615   114.5706949435     23.374    -17.965      0.167    0.337 
 487449.00    30.4822059467   114.5705087282     23.755    -17.792      0.226    0.326 
 487450.00    30.4822074832   114.5703242100     24.112    -17.639      0.148    0.339 
 487451.00    30.4822084735   114.5701413911     24.491    -17.490      0.070    0.454 
 487452.00    30.4822084092   114.5699594749     24.852    -17.492     -0.089    0.401 
 487453.00    30.4822078813   114.5697777283     25.217    -17.357     -0.030    0.349 
 487454.00    30.4822081648   114.5695972138     25.595    -17.348      0.045    0.354 
 487455.00    30.4822085632   114.5694165681     25.952    -17.344      0.048    0.369 
 487456.00    30.4822091696   114.5692376998     26.330    -16.961      0.077    0.412 
 487457.00    30.4822111714   114.5690632021     26.661    -16.477      0.344    0.294 
 487458.00    30.4822146506   114.5688947799     27.016    -15.847      0.409    0.391 
 487459.00    30.4822188201   114.5687327093     27.337    -15.255      0.498    0.302 
 487460.00    30.4822238981   114.5685766655     27.585    -14.767      0.661    0.117 
 487461.00    30.4822308615   114.5684226442     27.767    -14.862      0.893    0.181 
 487462.00    30.4822411121   114.5682664991     27.882    -15.072      1.360    0.071 
 487463.00    30.4822563355   114.5681079477     27.910    -15.307      1.983   -0.021 
 487464.00    30.4822772514   114.5679472805     27.856    -15.429      2.533   -0.115 
 487465.00    30.4823012993   114.5677877846     27.736    -15.157      2.721   -0.118 
 487466.00    30.4823273705   114.5676282519     27.559    -15.514      3.048   -0.219 
 487467.00    30.4823567056   114.5674639274     27.345    -16.055      3.415   -0.191 
 487468.00    30.4823884523   114.5672932543     27.131    -16.673      3.554   -0.211 
 487469.00    30.4824210963   114.5671170980     26.896    -17.182      3.659   -0.186 
 487470.00    30.4824543706   114.5669357055     26.688    -17.654      3.698   -0.219 
 487471.00    30.4824875698   114.5667500218     26.453    -17.822      3.612   -0.263 
 487472.00    30.4825194384   114.5665657104     26.206    -17.576      3.463   -0.300 
 487473.00    30.4825502268   114.5663846336     25.995    -17.205      3.388   -0.201 
 487474.00    30.4825813867   114.5662071751     25.798    -16.856      3.507   -0.185 
 487475.00    30.4826127719   114.5660330921     25.546    -16.565      3.408   -0.227 
 487476.00    30.4826423419   114.5658643646     25.387    -15.717      3.119   -0.149 
 487477.00    30.4826688679   114.5657067313     25.208    -14.635      2.781   -0.162 
 487478.00    30.4826928002   114.5655555963     24.979    -14.378      2.550   -0.206 
 487479.00    30.4827151391   114.5654069604     24.793    -14.159      2.477   -0.181 
 487480.00    30.4827380365   114.5652598916     24.623    -14.042      2.578   -0.092 
 487481.00    30.4827613874   114.5651140924     24.475    -13.943      2.571   -0.179 
 487482.00    30.4827843869   114.5649685900     24.264    -14.062      2.504   -0.247 
 487483.00    30.4828065687   114.5648212842     24.106    -14.171      2.430   -0.139 
 487484.00    30.4828284239   114.5646747810     23.906    -13.945      2.409   -0.178 
 487485.00    30.4828490741   114.5645354598     23.704    -12.690      2.179   -0.251 
 487486.00    30.4828676200   114.5644119044     23.563    -11.022      1.913   -0.113 
 487487.00    30.4828837855   114.5643075040     23.419     -9.001      1.624   -0.120 
 487488.00    30.4828969501   114.5642214362     23.334     -7.930      1.355   -0.064 
 487489.00    30.4829083347   114.5641409303     23.241     -7.655      1.198   -0.099 
 487490.00    30.4829189927   114.5640579226     23.137     -8.372      1.193   -0.090 
 487491.00    30.4829302707   114.5639655769     23.037     -9.382      1.302   -0.102 
 487492.00    30.4829422764   114.5638625003     22.909    -10.407      1.373   -0.138 
 487493.00    30.4829547698   114.5637486270     22.754    -11.450      1.402   -0.145 
 487494.00    30.4829675753   114.5636243826     22.617    -12.415      1.439   -0.146 
 487495.00    30.4829803408   114.5634903506     22.454    -13.346      1.375   -0.194 
 487496.00    30.4829923146   114.5633469728     22.283    -14.204      1.309   -0.197 
 487497.00    30.4830035291   114.5631946380     22.082    -15.064      1.214   -0.155 
 487498.00    30.4830135268   114.5630363446     21.874    -15.211      1.001   -0.188 
 487499.00    30.4830217506   114.5628775862     21.685    -15.370      0.847   -0.182 
 487500.00    30.4830292443   114.5627155193     21.473    -15.759      0.778   -0.243 
 487501.00    30.4830346715   114.5625498143     21.266    -16.075      0.429   -0.185 
 487502.00    30.4830368643   114.5623810197     21.044    -16.354      0.169   -0.241 
 487503.00    30.4830379603   114.5622099954     20.827    -16.485      0.104   -0.293 
 487504.00    30.4830389233   114.5620385154     20.640    -16.424      0.115   -0.219 
 487505.00    30.4830398199   114.5618676851     20.461    -16.402      0.090   -0.180 
 487506.00    30.4830406162   114.5616973686     20.284    -16.236      0.086   -0.142 
 487507.00    30.4830418767   114.5615302592     20.130    -15.757      0.207   -0.160 
 487508.00    30.4830441174   114.5613714490     20.003    -14.668      0.281   -0.127 
 487509.00    30.4830468210   114.5612221415     19.907    -14.129      0.300   -0.068 
 487510.00    30.4830492940   114.5610778436     19.879    -13.516      0.227   -0.019 
 487511.00    30.4830510171   114.5609404376     19.811    -12.986      0.149   -0.054 
 487512.00    30.4830524202   114.5608067028     19.797    -12.758      0.128    0.060 
 487513.00    30.4830541607   114.5606737086     19.743    -12.807      0.214   -0.042 
 487514.00    30.4830563616   114.5605391425     19.719    -13.070      0.240   -0.010 
 487515.00    30.4830573477   114.5604010064     19.692    -13.480     -0.020    0.004 
 487516.00    30.4830562910   114.5602590687     19.646    -13.766     -0.174   -0.083 
 487517.00    30.4830547731   114.5601141696     19.583    -14.053     -0.174   -0.076 
 487518.00    30.4830532536   114.5599670329     19.512    -14.101     -0.144   -0.068 
 487519.00    30.4830532726   114.5598218184     19.465    -13.716      0.107   -0.002 
 487520.00    30.4830555912   114.5596811011     19.404    -13.256      0.381   -0.089 
 487521.00    30.4830608964   114.5595449568     19.373    -12.860      0.765   -0.105 
 487522.00    30.4830694023   114.5594130979     19.353    -12.448      1.055   -0.037 
 487523.00    30.4830801358   114.5592852963     19.272    -12.084      1.254   -0.053 
 487524.00    30.4830918769   114.5591592569     19.215    -12.264      1.250   -0.017 
 487525.00    30.4831021919   114.5590290845     19.140    -12.783      1.022   -0.077 
 487526.00    30.4831089025   114.5588938159     19.087    -13.266      0.619   -0.306 
 487527.00    30.4831111562   114.5587533815     18.979    -13.785      0.056   -0.092 
 487528.00    30.4831102745   114.5586110488     18.905    -13.247     -0.158   -0.047 
 487529.00    30.4831094312   114.5584810515     18.854    -11.644     -0.005   -0.057 
 487530.00    30.4831110758   114.5583684222     18.806    -10.096      0.353   -0.056 
 487531.00    30.4831170291   114.5582696445     18.762     -8.542      0.841   -0.019 
 487532.00    30.4831297416   114.5581909959     18.694     -6.214      1.840   -0.095 
 487533.00    30.4831562152   114.5581329698     18.614     -4.674      3.391   -0.073 
 487534.00    30.4831932823   114.5580910364     18.538     -3.170      4.326   -0.020 
 487535.00    30.4832387484   114.5580643483     18.488     -1.826      5.511   -0.069 
 487536.00    30.4832947124   114.5580523336     18.430     -0.626      6.673   -0.050 
 487537.00    30.4833600698   114.5580478380     18.400     -0.280      7.790    0.016 
 487538.00    30.4834354387   114.5580455098     18.436     -0.165      8.905    0.045 
 487539.00    30.4835205600   114.5580439658     18.451     -0.125      9.978    0.005 
 487540.00    30.4836150093   114.5580436552     18.474      0.049     10.971    0.015 
 487541.00    30.4837182044   114.5580439343     18.498      0.002     11.898    0.099 
 487542.00    30.4838295513   114.5580436883     18.569     -0.041     12.792    0.028 
 487543.00    30.4839484927   114.5580433893     18.615      0.007     13.582    0.052 
 487544.00    30.4840745539   114.5580434525     18.689      0.024     14.350    0.130 
 487545.00    30.4842053467   114.5580434426     18.808     -0.000     14.490    0.089 
 487546.00    30.4843344489   114.5580436639     18.943      0.116     14.180    0.182 
 487547.00    30.4844630755   114.5580455047     19.141      0.232     14.375    0.179 
 487548.00    30.4845941245   114.5580477030     19.351      0.182     14.699    0.262 
 487549.00    30.4847285019   114.5580491330     19.543      0.114     15.086    0.223 
 487550.00    30.4848658173   114.5580497905     19.782      0.011     15.327    0.209 
 487551.00    30.4850028168   114.5580499264     19.991      0.078     15.063    0.151 
 487552.00    30.4851380576   114.5580512531     20.189      0.170     14.872    0.177 
 487553.00    30.4852702118   114.5580533774     20.389      0.223     14.466    0.223 
 487554.00    30.4853998222   114.5580556733     20.597      0.174     14.288    0.196 
 487555.00    30.4855286233   114.5580571506     20.798      0.121     14.290    0.208 
 487556.00    30.4856566870   114.5580580245     21.001      0.061     14.128    0.225 
 487557.00    30.4857836908   114.5580584493     21.206      0.078     14.017    0.183 
 487558.00    30.4859094675   114.5580594952     21.399      0.135     13.896    0.146 
 487559.00    30.4860341016   114.5580612118     21.592      0.169     13.778    0.153 
 487560.00    30.4861578245   114.5580624953     21.802      0.077     13.673    0.214 
 487561.00    30.4862807661   114.5580626641     21.986     -0.025     13.542    0.237 
 487562.00    30.4864030379   114.5580623828     22.187      0.015     13.566    0.136 
 487563.00    30.4865254892   114.5580634301     22.383      0.170     13.598    0.176 
 487564.00    30.4866482094   114.5580657246     22.587      0.234     13.611    0.200 
 487565.00    30.4867710578   114.5580675791     22.779      0.123     13.625    0.227 
 487566.00    30.4868938495   114.5580686638     22.973      0.100     13.516    0.211 
 487567.00    30.4870151533   114.5580697973     23.163      0.130     13.421    0.186 
 487568.00    30.4871361826   114.5580711396     23.349      0.136     13.329    0.250 
 487569.00    30.4872556911   114.5580725745     23.529      0.107     13.113    0.198 
 487570.00    30.4873730836   114.5580734647     23.708      0.050     12.916    0.237 
 487571.00    30.4874890372   114.5580737267     23.898     -0.038     12.666    0.187 
 487572.00    30.4876013286   114.5580731533     24.069     -0.095     12.307    0.136 
 487573.00    30.4877108444   114.5580718927     24.243     -0.106     11.974    0.203 
 487574.00    30.4878165629   114.5580712738     24.427     -0.032     11.467    0.139 
 487575.00    30.4879174950   114.5580713422     24.576      0.026     10.907    0.185 
 487576.00    30.4880133839   114.5580714969     24.716      0.010     10.298    0.128 
 487577.00    30.4881018832   114.5580709535     24.862     -0.130      9.209    0.155 
 487578.00    30.4881786417   114.5580677037     24.991     -0.514      7.739    0.109 
 487579.00    30.4882393889   114.5580603042     25.104     -0.884      5.670    0.091 
 487580.00    30.4882833866   114.5580484261     25.180     -1.475      4.243    0.038 
 487581.00    30.4883125554   114.5580310450     25.213     -1.753      2.508    0.035 
 487582.00    30.4883299004   114.5580121073     25.230     -2.066      1.721    0.004 
 487583.00    30.4883423031   114.5579874097     25.213     -2.694      1.282   -0.029 
 487584.00    30.4883500146   114.5579591567     25.185     -3.221      0.866   -0.029 
 487585.00    30.4883546033   114.5579240133     25.191     -3.537      0.470    0.011 
 487586.00    30.4883562624   114.5578907421     25.140     -3.091      0.182   -0.058 
 487587.00    30.4883569693   114.5578584719     25.073     -3.148      0.054   -0.071 
 487588.00    30.4883564733   114.5578266154     25.004     -3.011     -0.067   -0.079 
 487589.00    30.4883546443   114.5577967155     24.940     -2.831     -0.236   -0.067 
 487590.00    30.4883499316   114.5577682639     24.875     -2.872     -0.666   -0.046 
 487591.00    30.4883380081   114.5577393253     24.822     -3.236     -1.677   -0.063 
 487592.00    30.4883160944   114.5577118986     24.753     -2.668     -2.582   -0.076 
 487593.00    30.4882909101   114.5576951441     24.698     -1.564     -2.654   -0.031 
 487594.00    30.4882667210   114.5576881150     24.674     -0.770     -2.593   -0.029 
 487595.00    30.4882435543   114.5576875328     24.661     -0.182     -2.449   -0.013 
 487596.00    30.4882226693   114.5576883765     24.646     -0.011     -2.222    0.002 
 487597.00    30.4882035598   114.5576890964     24.637      0.045     -2.146    0.018 
 487598.00    30.4881780005   114.5576900135     24.634      0.092     -3.580    0.002 
 487599.00    30.4881394235   114.5576909701     24.610      0.102     -4.902   -0.028 
 487600.00    30.4880909840   114.5576918098     24.578      0.069     -5.594   -0.029 
 487601.00    30.4880419131   114.5576918955     24.555     -0.004     -5.172   -0.036 
 487602.00    30.4879983095   114.5576913781     24.531     -0.046     -4.484   -0.026 
 487603.00    30.4879618863   114.5576903288     24.485     -0.105     -3.509   -0.046 
 487604.00    30.4879353976   114.5576869768     24.451     -0.312     -2.528   -0.014 
 487605.00    30.4879154291   114.5576757234     24.424     -0.863     -1.884   -0.020 
 487606.00    30.4879038205   114.5576573494     24.401     -1.286     -1.089    0.008 
 487607.00    30.4878986306   114.5576377458     24.383     -1.506     -0.571   -0.023 
 487608.00    30.4878969762   114.5576176425     24.371     -1.692     -0.277   -0.071 
 487609.00    30.4878971957   114.5575970098     24.385     -1.748      0.022    0.042 
 487610.00    30.4878984334   114.5575757235     24.408     -2.128      0.076    0.031 
 487611.00    30.4878998757   114.5575481160     24.439     -2.928      0.165    0.047 
 487612.00    30.4879016217   114.5575179075     24.472     -2.718      0.167    0.058 
 487613.00    30.4879024108   114.5574918218     24.598     -2.366      0.033    0.273 
 487614.00    30.4879026599   114.5574650905     24.470     -2.554      0.099   -0.116 
 487615.00    30.4879027525   114.5574377648     24.203     -2.762      0.005   -0.257 
 487616.00    30.4879032018   114.5574060345     23.804     -3.359      0.091   -0.566 
 487617.00    30.4879033960   114.5573681107     23.274     -3.792      0.070   -0.701 
 487618.00    30.4879033331   114.5573300883     22.731     -3.538      0.081   -0.727 
 487619.00    30.4879032058   114.5572920254     22.199     -3.796      0.034   -0.585 
 487620.00    30.4879029741   114.5572522536     21.599     -3.722     -0.020   -0.603 
