   GPSTime         Latitude        Longitude      H-Ell      Vel-N      Vel-E    Vel-U   
     (sec)            (Deg)            (Deg)        (m)      (m/s)      (m/s)    (m/s)  
 486548.00    30.4871511621   114.5638096208     27.027     -2.772     -8.028   -0.121 
 486549.00    30.4870764787   114.5637792185     26.895     -3.043     -8.578   -0.117 
 486550.00    30.4869990792   114.5637469957     26.746     -3.133     -8.611   -0.151 
 486551.00    30.4869205666   114.5637139470     26.600     -3.233     -8.813   -0.126 
 486552.00    30.4868401139   114.5636801704     26.447     -3.217     -9.038   -0.123 
 486553.00    30.4867579886   114.5636471297     26.311     -3.131     -9.184   -0.125 
 486554.00    30.4866742366   114.5636153043     26.166     -2.964     -9.390   -0.158 
 486555.00    30.4865876605   114.5635857745     26.000     -2.721     -9.714   -0.164 
 486556.00    30.4864987013   114.5635601734     25.839     -2.226     -9.902   -0.158 
 486557.00    30.4864078453   114.5635402199     25.679     -1.687    -10.166   -0.154 
 486558.00    30.4863142555   114.5635255779     25.505     -1.202    -10.478   -0.154 
 486559.00    30.4862182275   114.5635154686     25.329     -0.849    -10.741   -0.196 
 486560.00    30.4861202304   114.5635077483     25.156     -0.625    -10.963   -0.171 
 486561.00    30.4860203605   114.5635032240     24.997     -0.263    -11.069   -0.167 
 486562.00    30.4859205628   114.5635027409     24.826      0.153    -11.001   -0.196 
 486563.00    30.4858209775   114.5635066558     24.640      0.570    -11.045   -0.203 
 486564.00    30.4857199952   114.5635147092     24.456      0.909    -11.281   -0.153 
 486565.00    30.4856174133   114.5635259162     24.304      1.197    -11.407   -0.158 
 486566.00    30.4855132494   114.5635396247     24.123      1.365    -11.688   -0.186 
 486567.00    30.4854068652   114.5635547644     23.961      1.501    -11.876   -0.109 
 486568.00    30.4852993293   114.5635702327     23.898      1.466    -11.994   -0.093 
 486569.00    30.4851910463   114.5635842385     23.781      1.254    -12.044   -0.121 
 486570.00    30.4850833826   114.5635961318     23.695      1.095    -11.774   -0.108 
 486571.00    30.4849774630   114.5636083962     23.623      1.175    -11.686   -0.040 
 486572.00    30.4848724174   114.5636219617     23.573      1.359    -11.640   -0.027 
 486573.00    30.4847672251   114.5636365606     23.561      1.421    -11.717   -0.004 
 486574.00    30.4846608851   114.5636513775     23.522      1.402    -11.878   -0.042 
 486575.00    30.4845537920   114.5636653145     23.469      1.243    -11.854   -0.036 
 486576.00    30.4844469889   114.5636774276     23.426      1.108    -11.905   -0.024 
 486577.00    30.4843393088   114.5636885366     23.414      1.048    -11.969   -0.017 
 486578.00    30.4842314588   114.5636989501     23.395      0.986    -11.959   -0.030 
 486579.00    30.4841237069   114.5637101733     23.343      1.144    -11.987   -0.021 
 486580.00    30.4840160093   114.5637228287     23.331      1.249    -11.946   -0.009 
 486581.00    30.4839081913   114.5637368624     23.304      1.425    -12.002    0.011 
 486582.00    30.4838005078   114.5637525760     23.300      1.454    -11.982    0.004 
 486583.00    30.4836946457   114.5637670692     23.318      1.308    -11.553    0.036 
 486584.00    30.4835924549   114.5637796791     23.332      1.114    -11.034   -0.007 
 486585.00    30.4834951403   114.5637906234     23.357      1.010    -10.457    0.014 
 486586.00    30.4834033369   114.5638008315     23.359      0.941     -9.820   -0.004 
 486587.00    30.4833209212   114.5638100106     23.375      0.788     -8.412    0.013 
 486588.00    30.4832490223   114.5638182368     23.393      0.771     -7.704   -0.022 
 486589.00    30.4831822899   114.5638259621     23.395      0.777     -7.071    0.017 
 486590.00    30.4831214001   114.5638348743     23.413      0.857     -6.224    0.030 
 486591.00    30.4830727525   114.5638434181     23.426      0.762     -4.753   -0.003 
 486592.00    30.4830328790   114.5638516759     23.425      0.810     -4.188    0.000 
 486593.00    30.4829919140   114.5638641041     23.417      1.496     -4.654    0.049 
 486594.00    30.4829513692   114.5638860361     23.492      2.503     -4.083    0.100 
 486595.00    30.4829156047   114.5639224781     23.568      4.118     -3.525    0.058 
 486596.00    30.4828859464   114.5639756188     23.622      5.598     -2.951    0.051 
 486597.00    30.4828615218   114.5640410036     23.676      6.708     -2.261    0.071 
 486598.00    30.4828450968   114.5641175161     23.771      7.677     -1.495    0.125 
 486599.00    30.4828320943   114.5642018423     23.872      8.433     -1.440    0.058 
 486600.00    30.4828187927   114.5642929552     23.968      9.020     -1.543    0.127 
 486601.00    30.4828042459   114.5643891484     24.105      9.411     -1.703    0.148 
 486602.00    30.4827875881   114.5644853515     24.235      9.021     -2.035    0.109 
 486603.00    30.4827681131   114.5645772564     24.347      8.707     -2.293    0.107 
 486604.00    30.4827473669   114.5646669008     24.454      8.542     -2.280    0.144 
 486605.00    30.4827279319   114.5647574690     24.597      8.867     -2.095    0.129 
 486606.00    30.4827082891   114.5648491228     24.681      8.712     -2.156    0.046 
 486607.00    30.4826895202   114.5649369536     24.752      8.176     -2.084    0.088 
 486608.00    30.4826694883   114.5650197973     24.873      7.897     -2.431    0.139 
 486609.00    30.4826464818   114.5651014839     24.986      7.896     -2.583    0.115 
 486610.00    30.4826245168   114.5651849524     25.075      8.071     -2.140    0.108 
 486611.00    30.4826069550   114.5652708391     25.167      8.319     -1.791    0.098 
 486612.00    30.4825917920   114.5653583908     25.261      8.441     -1.527    0.091 
 486613.00    30.4825788055   114.5654447447     25.367      8.003     -1.435    0.130 
 486614.00    30.4825655928   114.5655249440     25.497      7.367     -1.559    0.127 
 486615.00    30.4825513499   114.5655976383     25.618      6.586     -1.640    0.103 
 486616.00    30.4825356186   114.5656619630     25.708      5.794     -1.909    0.086 
 486617.00    30.4825168641   114.5657165487     25.795      4.797     -2.393    0.086 
 486618.00    30.4824920229   114.5657610602     25.875      4.096     -3.189    0.069 
 486619.00    30.4824600012   114.5657990572     25.943      3.449     -4.052    0.046 
 486620.00    30.4824201898   114.5658289362     25.957      2.638     -5.045    0.001 
 486621.00    30.4823711189   114.5658507119     25.971      1.933     -6.070    0.023 
 486622.00    30.4823125204   114.5658682817     26.000      1.629     -7.051    0.009 
 486623.00    30.4822444269   114.5658827815     25.999      1.213     -8.122   -0.002 
 486624.00    30.4821670486   114.5658929686     25.988      0.974     -9.060   -0.010 
 486625.00    30.4820814792   114.5659037238     25.961      1.123     -9.885    0.025 
 486626.00    30.4819886001   114.5659163501     25.947      1.339    -10.653   -0.104 
 486627.00    30.4818889846   114.5659316853     25.899      1.624    -11.391    0.000 
 486628.00    30.4817832463   114.5659501501     25.863      1.874    -12.048   -0.003 
 486629.00    30.4816716717   114.5659700856     25.853      1.892    -12.692    0.001 
 486630.00    30.4815542410   114.5659898192     25.827      1.871    -13.361   -0.037 
 486631.00    30.4814311526   114.5660086241     25.817      1.739    -13.952   -0.004 
 486632.00    30.4813026509   114.5660263999     25.852      1.743    -14.517    0.064 
 486633.00    30.4811695657   114.5660450042     25.912      1.811    -15.004    0.054 
 486634.00    30.4810321808   114.5660639206     25.999      1.807    -15.498    0.128 
 486635.00    30.4808905982   114.5660829943     26.078      1.850    -15.956    0.063 
 486636.00    30.4807470902   114.5661019322     26.139      1.784    -15.771    0.034 
 486637.00    30.4806065316   114.5661201037     26.220      1.735    -15.318    0.039 
 486638.00    30.4804697750   114.5661383642     26.222      1.720    -14.962    0.040 
 486639.00    30.4803361191   114.5661561521     26.246      1.708    -14.714   -0.033 
 486640.00    30.4802040356   114.5661737212     26.240      1.703    -14.531   -0.065 
 486641.00    30.4800733852   114.5661913132     26.202      1.677    -14.421   -0.036 
 486642.00    30.4799439631   114.5662089766     26.155      1.683    -14.288   -0.068 
 486643.00    30.4798156178   114.5662271766     26.135      1.800    -14.188   -0.037 
 486644.00    30.4796881190   114.5662461143     26.086      1.779    -14.077   -0.016 
 486645.00    30.4795616065   114.5662643343     26.058      1.720    -13.910   -0.043 
 486646.00    30.4794379967   114.5662823639     26.079      1.761    -13.532   -0.013 
 486647.00    30.4793178656   114.5663005661     26.083      1.728    -13.102    0.006 
 486648.00    30.4792022244   114.5663182172     26.070      1.607    -12.437   -0.019 
 486649.00    30.4790952861   114.5663337034     26.056      1.373    -11.439   -0.035 
 486650.00    30.4789964533   114.5663472605     26.094      1.228    -10.290    0.066 
 486651.00    30.4789105409   114.5663593969     26.078      1.094     -8.724   -0.029 
 486652.00    30.4788381834   114.5663702829     26.082      0.986     -7.443   -0.008 
 486653.00    30.4787764946   114.5663802041     26.069      0.893     -6.064   -0.031 
 486654.00    30.4787294212   114.5663893262     26.047      0.789     -4.312    0.008 
 486655.00    30.4786948399   114.5663974880     26.046      0.749     -3.391    0.021 
 486656.00    30.4786682681   114.5664052284     26.058      0.694     -2.576    0.014 
 486657.00    30.4786448667   114.5664136577     26.074      0.854     -2.535    0.008 
 486658.00    30.4786236148   114.5664235072     26.099      0.954     -2.100    0.008 
 486659.00    30.4786055569   114.5664351558     26.118      1.064     -1.747    0.020 
 486660.00    30.4785901110   114.5664478787     26.118      1.282     -1.685    0.018 
 486661.00    30.4785738467   114.5664621048     26.123      1.380     -1.988   -0.034 
 486662.00    30.4785531831   114.5664769899     26.123      1.386     -2.403   -0.023 
 486663.00    30.4785308356   114.5664896790     26.120      1.213     -2.696    0.001 
 486664.00    30.4785054306   114.5665005788     26.131      1.064     -3.078   -0.009 
 486665.00    30.4784760073   114.5665112152     26.124      1.047     -3.333   -0.032 
 486666.00    30.4784511361   114.5665209880     26.094      0.693     -1.932   -0.020 
 486667.00    30.4784342626   114.5665289541     26.069      0.815     -1.873   -0.013 
 486668.00    30.4784167839   114.5665391526     26.034      1.031     -1.863   -0.043 
 486669.00    30.4783992527   114.5665526132     25.995      1.449     -1.991   -0.043 
 486670.00    30.4783802031   114.5665721959     25.944      2.142     -2.100   -0.057 
 486671.00    30.4783597393   114.5666030295     25.865      3.524     -2.213   -0.088 
 486672.00    30.4783404986   114.5666484872     25.766      4.859     -1.850   -0.098 
 486673.00    30.4783262286   114.5667077666     25.652      6.177     -1.386   -0.106 
 486674.00    30.4783159769   114.5667783167     25.522      7.184     -0.817   -0.154 
 486675.00    30.4783109285   114.5668578318     25.360      7.950     -0.324   -0.169 
 486676.00    30.4783099703   114.5669443648     25.207      8.625      0.046   -0.158 
 486677.00    30.4783110485   114.5670376870     25.059      9.250      0.155   -0.140 
 486678.00    30.4783123386   114.5671374814     24.895      9.876      0.123   -0.143 
 486679.00    30.4783130682   114.5672436742     24.720     10.536      0.033   -0.221 
 486680.00    30.4783123523   114.5673564195     24.512     11.024     -0.152   -0.202 
 486681.00    30.4783106257   114.5674703383     24.334     10.853     -0.243   -0.195 
 486682.00    30.4783086290   114.5675818237     24.138     10.537     -0.169   -0.202 
 486683.00    30.4783076896   114.5676893458     23.963     10.167      0.013   -0.164 
 486684.00    30.4783082653   114.5677941375     23.794      9.940      0.110   -0.198 
 486685.00    30.4783095447   114.5678964004     23.626      9.701      0.167   -0.172 
 486686.00    30.4783123415   114.5679965718     23.444      9.543      0.455   -0.151 
 486687.00    30.4783175772   114.5680961327     23.274      9.540      0.706   -0.173 
 486688.00    30.4783248574   114.5681970653     23.119      9.846      0.851   -0.154 
 486689.00    30.4783317622   114.5683025004     22.954     10.418      0.612   -0.175 
 486690.00    30.4783361752   114.5684135594     22.784     10.970      0.348   -0.134 
 486691.00    30.4783379729   114.5685309641     22.598     11.579      0.110   -0.234 
 486692.00    30.4783380260   114.5686517839     22.399     11.672     -0.066   -0.209 
 486693.00    30.4783373817   114.5687755664     22.208     12.111     -0.072   -0.215 
 486694.00    30.4783364267   114.5689033151     21.985     12.530     -0.153   -0.239 
 486695.00    30.4783352323   114.5690357293     21.753     12.772     -0.124   -0.160 
 486696.00    30.4783346146   114.5691693030     21.540     12.866     -0.037   -0.215 
 486697.00    30.4783346607   114.5693051549     21.246     13.204     -0.001   -0.444 
 486698.00    30.4783350253   114.5694441891     21.059     13.386      0.131   -0.274 
 486699.00    30.4783356072   114.5695826460     20.822     13.272      0.050   -0.227 
 486700.00    30.4783352511   114.5697211828     20.597     13.385     -0.108   -0.241 
 486701.00    30.4783337323   114.5698613100     20.370     13.589     -0.213   -0.228 
 486702.00    30.4783311749   114.5700038586     20.134     13.860     -0.286   -0.258 
 486703.00    30.4783291178   114.5701501707     19.881     14.260     -0.150   -0.251 
 486704.00    30.4783287921   114.5703017401     19.618     14.768     -0.006   -0.254 
 486705.00    30.4783294464   114.5704582851     19.361     15.205      0.145   -0.264 
 486706.00    30.4783304256   114.5706174742     19.093     15.466      0.089   -0.254 
 486707.00    30.4783310195   114.5707797994     18.846     15.718      0.040   -0.268 
 486708.00    30.4783308670   114.5709435221     18.619     15.793     -0.035   -0.203 
 486709.00    30.4783301633   114.5711087526     18.452     15.976     -0.135   -0.123 
 486710.00    30.4783289877   114.5712760815     18.355     16.150     -0.165   -0.078 
 486711.00    30.4783275780   114.5714449830     18.279     16.314     -0.118   -0.066 
 486712.00    30.4783268899   114.5716155168     18.207     16.472     -0.035   -0.089 
 486713.00    30.4783269536   114.5717878746     18.147     16.644      0.024   -0.041 
 486714.00    30.4783270812   114.5719618504     18.077     16.771      0.049   -0.079 
 486715.00    30.4783273578   114.5721370186     18.000     16.902      0.040   -0.089 
 486716.00    30.4783278550   114.5723137113     17.887     16.966      0.013   -0.080 
 486717.00    30.4783270339   114.5724902175     17.797     17.012     -0.155   -0.096 
 486718.00    30.4783254280   114.5726686020     17.703     17.209     -0.156   -0.100 
 486719.00    30.4783241674   114.5728471663     17.640     17.028     -0.105   -0.082 
 486720.00    30.4783232258   114.5730237518     17.555     16.865     -0.073   -0.098 
 486721.00    30.4783230908   114.5731976423     17.455     16.510      0.084    0.005 
 486722.00    30.4783234620   114.5733683719     17.395     16.264      0.069   -0.067 
 486723.00    30.4783243524   114.5735369594     17.313     16.105      0.130   -0.099 
 486724.00    30.4783255670   114.5737038420     17.244     15.989      0.026   -0.094 
 486725.00    30.4783253232   114.5738690803     17.193     15.824     -0.132   -0.010 
 486726.00    30.4783230542   114.5740333268     17.130     15.747     -0.288   -0.033 
 486727.00    30.4783199007   114.5741973810     17.028     15.745     -0.343   -0.121 
 486728.00    30.4783169797   114.5743614896     16.913     15.770     -0.290   -0.031 
 486729.00    30.4783144867   114.5745258016     16.904     15.727     -0.198    0.011 
 486730.00    30.4783127802   114.5746903522     16.823     15.812     -0.148   -0.060 
 486731.00    30.4783120275   114.5748554254     16.743     15.843     -0.044   -0.030 
 486732.00    30.4783114601   114.5750211754     16.673     15.931     -0.072   -0.034 
 486733.00    30.4783104066   114.5751875950     16.632     16.030     -0.168   -0.032 
 486734.00    30.4783091347   114.5753547585     16.668     16.075     -0.112    0.068 
 486735.00    30.4783079688   114.5755226301     16.734     16.145     -0.102    0.108 
 486736.00    30.4783071109   114.5756910788     16.830     16.185     -0.077    0.128 
 486737.00    30.4783070447   114.5758604148     16.966     16.301      0.030    0.165 
 486738.00    30.4783076031   114.5760313043     17.061     16.537      0.035    0.060 
 486739.00    30.4783080685   114.5762047186     17.147     16.769      0.026    0.107 
 486740.00    30.4783085953   114.5763809485     17.259     17.049      0.062    0.081 
 486741.00    30.4783086389   114.5765599019     17.354     17.330     -0.087    0.096 
 486742.00    30.4783070296   114.5767416428     17.470     17.611     -0.243    0.094 
 486743.00    30.4783046567   114.5769263515     17.563     17.858     -0.278    0.118 
 486744.00    30.4783024089   114.5771135893     17.668     17.985     -0.255    0.131 
 486745.00    30.4783002843   114.5773004061     17.776     18.004     -0.231    0.095 
 486746.00    30.4782982954   114.5774884383     17.862     18.057     -0.184    0.154 
 486747.00    30.4782967436   114.5776765024     17.952     18.126     -0.070   -0.096 
 486748.00    30.4782953787   114.5778629352     18.060     17.878     -0.171    0.141 
 486749.00    30.4782942888   114.5780492824     18.166     17.903      0.012    0.008 
 486750.00    30.4782941278   114.5782357962     18.285     17.931      0.018    0.143 
 486751.00    30.4782943861   114.5784211821     18.418     17.605      0.026    0.144 
 486752.00    30.4782944647   114.5786021867     18.517     17.161     -0.009    0.088 
 486753.00    30.4782938464   114.5787784946     18.620     16.690     -0.104    0.149 
 486754.00    30.4782923636   114.5789502416     18.741     16.266     -0.155    0.142 
 486755.00    30.4782904927   114.5791177411     18.824     15.882     -0.138    0.102 
 486756.00    30.4782904134   114.5792820169     18.930     15.585      0.013    0.105 
 486757.00    30.4782900146   114.5794423389     19.030     15.199     -0.023    0.064 
 486758.00    30.4782903114   114.5795959401     19.102     14.377      0.008    0.094 
 486759.00    30.4782908291   114.5797401193     19.205     13.159      0.038    0.074 
 486760.00    30.4782905109   114.5798675513     19.271     11.264     -0.059    0.092 
 486761.00    30.4782905984   114.5799707588     19.323      8.338      0.033    0.046 
 486762.00    30.4782913326   114.5800390129     19.369      4.684      0.083    0.018 
 486763.00    30.4782918378   114.5800696256     19.381      1.774      0.028    0.016 
 486764.00    30.4782920044   114.5800792886     19.387      0.102     -0.013    0.002 
 486765.00    30.4782920008   114.5800790493     19.389      0.010      0.030   -0.008 
 486766.00    30.4782920004   114.5800790432     19.389     -0.002     -0.017    0.001 
 486767.00    30.4782920036   114.5800790396     19.389     -0.010     -0.008    0.003 
 486768.00    30.4782920062   114.5800790389     19.387      0.000      0.026   -0.008 
 486769.00    30.4782920121   114.5800790361     19.386     -0.001     -0.013    0.006 
 486770.00    30.4782920161   114.5800790347     19.385      0.007     -0.031    0.003 
 486771.00    30.4782920189   114.5800790297     19.384     -0.000     -0.029    0.007 
 486772.00    30.4782920160   114.5800790285     19.385     -0.004     -0.013    0.004 
 486773.00    30.4782920066   114.5800790309     19.386     -0.007      0.003    0.001 
 486774.00    30.4782920045   114.5800790348     19.387     -0.009      0.002    0.003 
 486775.00    30.4782920046   114.5800790392     19.388     -0.012     -0.007    0.004 
 486776.00    30.4782920006   114.5800790436     19.390     -0.010     -0.000    0.003 
 486777.00    30.4782920040   114.5800790466     19.391     -0.001     -0.002   -0.000 
 486778.00    30.4782920020   114.5800790504     19.391     -0.001      0.000   -0.000 
 486779.00    30.4782920000   114.5800790602     19.391     -0.011     -0.016    0.007 
 486780.00    30.4782919985   114.5800790635     19.391     -0.003      0.016   -0.004 
 486781.00    30.4782919981   114.5800790633     19.390      0.002      0.036   -0.009 
 486782.00    30.4782919986   114.5800790622     19.389     -0.003      0.036   -0.008 
 486783.00    30.4782919982   114.5800790613     19.389     -0.003      0.036   -0.007 
 486784.00    30.4782919960   114.5800790598     19.390     -0.003      0.025   -0.005 
 486785.00    30.4782919912   114.5800790561     19.389     -0.003      0.013    0.000 
 486786.00    30.4782919936   114.5800790480     19.389      0.004      0.015   -0.003 
 486787.00    30.4782919900   114.5800790453     19.390      0.008      0.018   -0.004 
 486788.00    30.4782919917   114.5800790481     19.390      0.008      0.027   -0.007 
 486789.00    30.4782919959   114.5800790525     19.390      0.002      0.033   -0.007 
 486790.00    30.4782920023   114.5800790560     19.390      0.000      0.040   -0.009 
 486791.00    30.4782920072   114.5800790536     19.389     -0.004      0.036   -0.009 
 486792.00    30.4782920101   114.5800790474     19.388     -0.010      0.008   -0.002 
 486793.00    30.4782920173   114.5800790388     19.386     -0.006     -0.019    0.001 
 486794.00    30.4782920216   114.5800790372     19.385     -0.008     -0.028    0.006 
 486795.00    30.4782920197   114.5800790442     19.384      0.007     -0.018    0.001 
 486796.00    30.4782920137   114.5800790515     19.383      0.004      0.004   -0.001 
 486797.00    30.4782920080   114.5800790622     19.382      0.014     -0.030    0.000 
 486798.00    30.4782920063   114.5800790606     19.381      0.006      0.027   -0.007 
 486799.00    30.4782920087   114.5800790618     19.381      0.001     -0.019    0.004 
 486800.00    30.4782920108   114.5800790591     19.380      0.004      0.038   -0.008 
 486801.00    30.4782920123   114.5800790596     19.380     -0.006     -0.016    0.003 
 486802.00    30.4782920157   114.5800790554     19.379      0.004      0.043   -0.010 
 486803.00    30.4782920226   114.5800790501     19.379     -0.012     -0.015    0.005 
 486804.00    30.4782920288   114.5800790485     19.380      0.001      0.026   -0.003 
 486805.00    30.4782920279   114.5800790475     19.380     -0.009     -0.032    0.008 
 486806.00    30.4782920216   114.5800790519     19.380      0.010      0.016   -0.005 
 486807.00    30.4782920178   114.5800790510     19.381      0.000     -0.020    0.004 
 486808.00    30.4782920149   114.5800790557     19.382     -0.008     -0.031    0.012 
 486809.00    30.4782920109   114.5800790545     19.382      0.004      0.003   -0.000 
 486810.00    30.4782920074   114.5800790548     19.382     -0.001     -0.009    0.002 
 486811.00    30.4782920046   114.5800790512     19.381      0.003      0.030   -0.007 
 486812.00    30.4782920003   114.5800790551     19.380     -0.005     -0.015    0.001 
 486813.00    30.4782920024   114.5800790531     19.379     -0.003      0.030   -0.005 
 486814.00    30.4782920050   114.5800790566     19.378      0.003     -0.017   -0.000 
 486815.00    30.4782920142   114.5800790555     19.378     -0.001      0.024   -0.003 
 486816.00    30.4782920172   114.5800790556     19.379      0.004     -0.038    0.006 
 486817.00    30.4782920175   114.5800790524     19.379      0.005      0.019   -0.004 
 486818.00    30.4782920100   114.5800790534     19.380     -0.002     -0.027    0.007 
 486819.00    30.4782920101   114.5800793271     19.381      0.125      0.014    0.001 
 486820.00    30.4782921681   114.5800864788     19.385      1.484      0.048    0.013 
 486821.00    30.4782929026   114.5801114949     19.397      3.356      0.123    0.019 
 486822.00    30.4782942778   114.5801561311     19.407      5.174      0.157   -0.011 
 486823.00    30.4782958321   114.5802180392     19.419      6.695      0.179    0.053 
 486824.00    30.4782969029   114.5802941205     19.445      7.926      0.043    0.014 
 486825.00    30.4782960742   114.5803824501     19.459      8.989     -0.177    0.017 
 486826.00    30.4782939169   114.5804809406     19.441      9.921     -0.218    0.020 
 486827.00    30.4782919831   114.5805894187     19.418     10.850     -0.211   -0.020 
 486828.00    30.4782901417   114.5807059637     19.378     11.265     -0.157   -0.012 
 486829.00    30.4782889654   114.5808223829     19.322     11.148     -0.102    0.004 
 486830.00    30.4782884382   114.5809388134     19.313     11.282      0.035   -0.002 
 486831.00    30.4782878879   114.5810583871     19.256     11.629     -0.095   -0.046 
 486832.00    30.4782871145   114.5811817919     19.195     12.086     -0.075   -0.086 
 486833.00    30.4782862183   114.5813093435     19.150     12.434     -0.076   -0.034 
 486834.00    30.4782861154   114.5814411028     19.113     12.830      0.063    0.002 
 486835.00    30.4782868282   114.5815766353     19.072     13.144      0.095   -0.043 
 486836.00    30.4782875387   114.5817147912     19.052     13.375      0.046   -0.004 
 486837.00    30.4782875079   114.5818558637     19.006     13.713     -0.096   -0.028 
 486838.00    30.4782860868   114.5820004515     18.952     14.010     -0.159   -0.072 
 486839.00    30.4782842476   114.5821459253     18.888     13.961     -0.225   -0.054 
 486840.00    30.4782829719   114.5822922745     18.831     14.158     -0.128   -0.041 
 486841.00    30.4782822142   114.5824412039     18.781     14.439     -0.107   -0.049 
 486842.00    30.4782811866   114.5825929412     18.723     14.689     -0.089   -0.068 
 486843.00    30.4782803781   114.5827463278     18.646     14.758     -0.039   -0.083 
 486844.00    30.4782799535   114.5829006755     18.607     14.867     -0.017   -0.037 
 486845.00    30.4782793697   114.5830546941     18.530     14.753     -0.062   -0.194 
 486846.00    30.4782780085   114.5832088357     18.281     14.915     -0.129   -0.247 
 486847.00    30.4782770283   114.5833655726     18.061     15.190     -0.137   -0.174 
 486848.00    30.4782756732   114.5835256589     17.856     15.557     -0.207   -0.238 
 486849.00    30.4782742154   114.5836893813     17.631     15.910     -0.057   -0.209 
 486850.00    30.4782739688   114.5838569123     17.408     16.224      0.015   -0.257 
 486851.00    30.4782742069   114.5840282407     17.168     16.662      0.062   -0.260 
 486852.00    30.4782745079   114.5842033743     16.940     16.965      0.001   -0.213 
 486853.00    30.4782743467   114.5843819808     16.684     17.304     -0.054   -0.251 
 486854.00    30.4782733847   114.5845638434     16.429     17.591     -0.163   -0.260 
 486855.00    30.4782716262   114.5847484557     16.154     17.864     -0.253   -0.326 
 486856.00    30.4782693373   114.5849357526     15.882     18.095     -0.256   -0.246 
 486857.00    30.4782674346   114.5851245855     15.654     18.087     -0.173   -0.261 
 486858.00    30.4782667168   114.5853115007     15.409     17.820     -0.028   -0.210 
 486859.00    30.4782665652   114.5854968674     15.174     17.806      0.006   -0.320 
 486860.00    30.4782657410   114.5856824520     14.936     17.834     -0.103   -0.150 
 486861.00    30.4782651163   114.5858673808     14.855     17.656     -0.065   -0.046 
 486862.00    30.4782645342   114.5860503755     14.817     17.480     -0.061    0.024 
 486863.00    30.4782642396   114.5862318711     14.896     17.379     -0.036    0.126 
 486864.00    30.4782640855   114.5864118123     15.049     17.181     -0.043    0.153 
 486865.00    30.4782637635   114.5865900849     15.161     17.017      0.006    0.168 
 486866.00    30.4782633351   114.5867668485     15.310     16.878     -0.067    0.159 
 486867.00    30.4782623529   114.5869416349     15.476     16.713     -0.183    0.225 
 486868.00    30.4782598439   114.5871146740     15.621     16.570     -0.326    0.127 
 486869.00    30.4782575869   114.5872867020     15.765     16.471     -0.157    0.162 
 486870.00    30.4782569183   114.5874574451     15.907     16.251      0.031    0.126 
 486871.00    30.4782570801   114.5876244183     16.067     15.863      0.029    0.150 
 486872.00    30.4782575046   114.5877873775     16.219     15.486      0.033    0.155 
 486873.00    30.4782574713   114.5879468376     16.367     15.160     -0.103    0.189 
 486874.00    30.4782560378   114.5881035517     16.491     14.917     -0.241    0.107 
 486875.00    30.4782543011   114.5882588809     16.628     14.878     -0.156    0.166 
 486876.00    30.4782533912   114.5884127611     16.779     14.580     -0.057    0.139 
 486877.00    30.4782531917   114.5885637091     16.932     14.460     -0.003    0.174 
 486878.00    30.4782534483   114.5887147031     17.098     14.439      0.040    0.172 
 486879.00    30.4782539324   114.5888647430     17.214     14.391      0.027    0.081 
 486880.00    30.4782538324   114.5890138873     17.305     14.260     -0.114    0.095 
 486881.00    30.4782528142   114.5891615228     17.418     14.131     -0.199    0.100 
 486882.00    30.4782507326   114.5893075471     17.562     13.920     -0.296    0.167 
 486883.00    30.4782477879   114.5894507394     17.679     13.649     -0.331    0.089 
 486884.00    30.4782454383   114.5895919561     17.809     13.450     -0.133    0.135 
 486885.00    30.4782444956   114.5897302421     17.925     13.071     -0.078    0.099 
 486886.00    30.4782441474   114.5898641410     18.048     12.639      0.005    0.124 
 486887.00    30.4782444508   114.5899934872     18.169     12.173      0.086    0.114 
 486888.00    30.4782450989   114.5901189393     18.273     12.020      0.035    0.123 
 486889.00    30.4782456020   114.5902455351     18.394     12.271      0.052    0.124 
 486890.00    30.4782457033   114.5903731253     18.516     12.164     -0.022    0.136 
 486891.00    30.4782453204   114.5905001810     18.641     12.335      0.018    0.091 
 486892.00    30.4782446122   114.5906300516     18.750     12.586     -0.123    0.144 
 486893.00    30.4782436293   114.5907619448     18.863     12.745     -0.094    0.103 
 486894.00    30.4782427448   114.5908938938     18.971     12.506     -0.076    0.107 
 486895.00    30.4782420330   114.5910213456     19.086     11.807     -0.071    0.138 
 486896.00    30.4782413904   114.5911360764     19.206     10.146     -0.051    0.116 
 486897.00    30.4782410908   114.5912277103     19.305      7.125     -0.012    0.083 
 486898.00    30.4782410499   114.5912814759     19.366      3.108      0.008    0.048 
 486899.00    30.4782410572   114.5912958986     19.382     -0.177     -0.043    0.004 
 486900.00    30.4782410377   114.5912954512     19.386      0.004     -0.025    0.005 
 486901.00    30.4782410328   114.5912954330     19.386     -0.003     -0.017    0.003 
 486902.00    30.4782410322   114.5912954363     19.385     -0.002     -0.026    0.007 
 486903.00    30.4782410338   114.5912954383     19.385     -0.007     -0.007    0.004 
 486904.00    30.4782410354   114.5912954433     19.384     -0.005      0.025   -0.005 
 486905.00    30.4782410316   114.5912954466     19.383     -0.007      0.004   -0.002 
 486906.00    30.4782410339   114.5912954437     19.382     -0.001     -0.017    0.002 
 486907.00    30.4782410438   114.5912954373     19.381     -0.014     -0.011    0.007 
 486908.00    30.4782410406   114.5912954273     19.380     -0.001      0.007    0.002 
 486909.00    30.4782410437   114.5912954222     19.379     -0.005      0.008    0.000 
 486910.00    30.4782410428   114.5912954174     19.379     -0.012     -0.002    0.004 
 486911.00    30.4782410429   114.5912954166     19.378     -0.001     -0.009    0.002 
 486912.00    30.4782410469   114.5912954230     19.377      0.002     -0.003   -0.005 
 486913.00    30.4782410469   114.5912954305     19.376     -0.003      0.001   -0.001 
 486914.00    30.4782410425   114.5912954316     19.375      0.003      0.006   -0.002 
 486915.00    30.4782410384   114.5912954301     19.375      0.001      0.005    0.001 
 486916.00    30.4782410370   114.5912954288     19.375      0.003      0.000    0.001 
 486917.00    30.4782410370   114.5912954294     19.374     -0.004     -0.014    0.005 
 486918.00    30.4782410384   114.5912954318     19.374     -0.007     -0.009    0.005 
 486919.00    30.4782410390   114.5912954369     19.375     -0.005     -0.013    0.004 
 486920.00    30.4782410445   114.5912954409     19.376     -0.008     -0.006    0.004 
 486921.00    30.4782410479   114.5912954454     19.376      0.002     -0.003   -0.002 
 486922.00    30.4782410488   114.5912954428     19.377     -0.010      0.007    0.001 
 486923.00    30.4782410495   114.5912954355     19.376      0.003      0.017   -0.005 
 486924.00    30.4782410504   114.5912954334     19.375      0.006      0.011   -0.003 
 486925.00    30.4782410483   114.5912954351     19.374      0.003     -0.003   -0.001 
 486926.00    30.4782410524   114.5912954432     19.372     -0.003     -0.017    0.005 
 486927.00    30.4782410548   114.5912954466     19.372     -0.011     -0.020    0.007 
 486928.00    30.4782410534   114.5912954454     19.371      0.002     -0.004   -0.001 
 486929.00    30.4782410549   114.5912954404     19.371      0.005     -0.000   -0.003 
 486930.00    30.4782410539   114.5912954378     19.372      0.003      0.012   -0.003 
 486931.00    30.4782410471   114.5912954385     19.373     -0.005      0.015    0.001 
 486932.00    30.4782410416   114.5912954456     19.374     -0.004      0.009    0.002 
 486933.00    30.4782410395   114.5912954484     19.374     -0.005     -0.011    0.005 
 486934.00    30.4782410411   114.5912954502     19.374      0.004     -0.015    0.002 
 486935.00    30.4782410425   114.5912954511     19.375     -0.001     -0.021    0.005 
 486936.00    30.4782410402   114.5912954510     19.376      0.004     -0.011    0.001 
 486937.00    30.4782410390   114.5912954519     19.376     -0.005      0.011    0.001 
 486938.00    30.4782410376   114.5912954512     19.376     -0.004      0.019   -0.002 
 486939.00    30.4782410382   114.5912954478     19.376     -0.004      0.007   -0.001 
 486940.00    30.4782410395   114.5912954436     19.375      0.003      0.022   -0.004 
 486941.00    30.4782410456   114.5912954418     19.374     -0.001     -0.003    0.003 
 486942.00    30.4782410506   114.5912954416     19.374     -0.001     -0.017    0.005 
 486943.00    30.4782410529   114.5912954408     19.375     -0.006     -0.023    0.005 
 486944.00    30.4782410487   114.5912954444     19.374     -0.002     -0.018    0.004 
 486945.00    30.4782410471   114.5912954407     19.374      0.002      0.001   -0.001 
 486946.00    30.4782410423   114.5912954328     19.373      0.002      0.018   -0.004 
 486947.00    30.4782410339   114.5912954215     19.373     -0.005      0.023   -0.000 
 486948.00    30.4782410251   114.5912954185     19.375     -0.003      0.014   -0.000 
 486949.00    30.4782410170   114.5912954219     19.376      0.004     -0.026    0.004 
 486950.00    30.4782410136   114.5912954270     19.377     -0.008     -0.018    0.007 
 486951.00    30.4782410118   114.5912954264     19.379     -0.006     -0.004    0.002 
 486952.00    30.4782410172   114.5912954200     19.379     -0.005      0.001    0.001 
 486953.00    30.4782410237   114.5912954148     19.380      0.003      0.008   -0.003 
 486954.00    30.4782410253   114.5912954098     19.380     -0.002      0.008    0.001 
 486955.00    30.4782410260   114.5912954055     19.380     -0.000      0.006    0.001 
 486956.00    30.4782410258   114.5912954074     19.380      0.002     -0.001    0.002 
 486957.00    30.4782410240   114.5912954142     19.380     -0.001     -0.002    0.001 
 486958.00    30.4782410217   114.5912954214     19.379      0.005     -0.007   -0.001 
 486959.00    30.4782410221   114.5912954226     19.379     -0.004     -0.015    0.002 
 486960.00    30.4782410231   114.5912954271     19.377     -0.008     -0.014    0.002 
 486961.00    30.4782410251   114.5912954307     19.377     -0.004     -0.010    0.000 
 486962.00    30.4782410278   114.5912954298     19.376     -0.001     -0.001   -0.001 
 486963.00    30.4782410378   114.5912954229     19.376      0.004      0.011   -0.003 
 486964.00    30.4782410326   114.5912954210     19.376      0.013      0.012   -0.005 
 486965.00    30.4782410205   114.5912954276     19.377     -0.020      0.003    0.009 
 486966.00    30.4782410138   114.5912961120     19.375      0.442      0.010   -0.006 
 486967.00    30.4782410219   114.5913085108     19.396      2.052      0.009    0.025 
 486968.00    30.4782409215   114.5913391128     19.437      3.804     -0.033    0.066 
 486969.00    30.4782405190   114.5913870583     19.503      5.344     -0.053    0.061 
 486970.00    30.4782394805   114.5914494600     19.594      6.613     -0.205    0.127 
 486971.00    30.4782376629   114.5915226910     19.718      7.436     -0.197    0.071 
 486972.00    30.4782358131   114.5916052839     19.702      8.395     -0.175   -0.052 
 486973.00    30.4782349106   114.5916983691     19.605      9.471      0.018   -0.101 
 486974.00    30.4782349680   114.5918026287     19.518     10.579     -0.065   -0.110 
 486975.00    30.4782350064   114.5919177008     19.442     11.539     -0.006   -0.033 
 486976.00    30.4782349498   114.5920428711     19.374     12.456     -0.045   -0.071 
 486977.00    30.4782341491   114.5921765789     19.349     13.204     -0.079   -0.013 
 486978.00    30.4782330234   114.5923176686     19.236     13.694     -0.076   -0.062 
 486979.00    30.4782318502   114.5924600572     19.171     13.749     -0.149   -0.039 
 486980.00    30.4782309938   114.5926050144     19.128     14.139     -0.081   -0.071 
 486981.00    30.4782300523   114.5927543770     19.058     14.546     -0.120   -0.059 
 486982.00    30.4782293895   114.5929082971     19.004     14.983     -0.019   -0.025 
 486983.00    30.4782295784   114.5930664715     18.935     15.315      0.061   -0.039 
 486984.00    30.4782303549   114.5932256355     18.881     15.272      0.028   -0.081 
 486985.00    30.4782301553   114.5933851203     18.805     15.362     -0.091   -0.048 
 486986.00    30.4782289547   114.5935456516     18.736     15.449     -0.172   -0.079 
 486987.00    30.4782276714   114.5937069685     18.667     15.537     -0.163   -0.076 
 486988.00    30.4782264462   114.5938685519     18.596     15.491     -0.110   -0.007 
 486989.00    30.4782265194   114.5940297838     18.540     15.459      0.087   -0.051 
 486990.00    30.4782284181   114.5941909026     18.481     15.468      0.302   -0.057 
 486991.00    30.4782309919   114.5943519260     18.407     15.413      0.196   -0.061 
 486992.00    30.4782319233   114.5945121958     18.349     15.405     -0.015   -0.050 
 486993.00    30.4782304912   114.5946727807     18.281     15.442     -0.289   -0.050 
 486994.00    30.4782270348   114.5948341553     18.212     15.526     -0.487   -0.047 
 486995.00    30.4782226646   114.5949962745     18.146     15.629     -0.473   -0.068 
 486996.00    30.4782188425   114.5951598035     18.056     15.723     -0.316   -0.042 
 486997.00    30.4782173852   114.5953239432     18.009     15.793     -0.054   -0.086 
 486998.00    30.4782174331   114.5954893181     17.948     15.977      0.063   -0.074 
 486999.00    30.4782184541   114.5956564120     17.879     16.121      0.143   -0.077 
 487000.00    30.4782194468   114.5958252937     17.807     16.324      0.060   -0.057 
 487001.00    30.4782190485   114.5959963486     17.717     16.531     -0.049   -0.095 
 487002.00    30.4782180571   114.5961694036     17.636     16.652     -0.124   -0.115 
 487003.00    30.4782168292   114.5963409488     17.568     16.279     -0.131   -0.033 
 487004.00    30.4782154249   114.5965086386     17.495     15.912     -0.187   -0.067 
 487005.00    30.4782138896   114.5966724573     17.438     15.547     -0.180   -0.064 
 487006.00    30.4782123259   114.5968323269     17.402     15.166     -0.177   -0.011 
 487007.00    30.4782112236   114.5969883313     17.377     14.788     -0.023   -0.150 
 487008.00    30.4782115266   114.5971407775     17.215     14.473      0.174   -0.079 
 487009.00    30.4782147643   114.5972896500     17.181     14.077      0.531   -0.039 
 487010.00    30.4782204772   114.5974346962     17.137     13.728      0.671   -0.029 
 487011.00    30.4782265094   114.5975783407     17.095     13.884      0.571   -0.035 
 487012.00    30.4782304840   114.5977243431     17.043     14.208      0.328   -0.058 
 487013.00    30.4782320055   114.5978742604     16.992     14.607      0.045   -0.047 
 487014.00    30.4782321375   114.5980285406     16.921     14.996      0.062   -0.067 
 487015.00    30.4782328629   114.5981872569     16.850     15.461      0.106   -0.063 
 487016.00    30.4782338650   114.5983505125     16.784     15.863      0.129   -0.067 
 487017.00    30.4782350184   114.5985180196     16.720     16.212      0.131   -0.070 
 487018.00    30.4782358572   114.5986857061     16.654     15.931      0.041   -0.088 
 487019.00    30.4782349875   114.5988496577     16.591     15.586     -0.195   -0.082 
 487020.00    30.4782334264   114.5990101309     16.516     15.276     -0.129   -0.067 
 487021.00    30.4782322318   114.5991675899     16.449     14.944     -0.145   -0.039 
 487022.00    30.4782313135   114.5993223499     16.388     14.758     -0.091   -0.073 
 487023.00    30.4782306669   114.5994744127     16.324     14.428     -0.063   -0.064 
 487024.00    30.4782303090   114.5996228462     16.248     14.056     -0.017   -0.068 
 487025.00    30.4782302403   114.5997673487     16.189     13.681      0.009   -0.054 
 487026.00    30.4782304453   114.5999066501     16.133     12.998      0.042   -0.070 
 487027.00    30.4782306426   114.6000366444     16.075     11.974      0.020   -0.055 
 487028.00    30.4782306455   114.6001555618     16.032     10.919     -0.088   -0.020 
 487029.00    30.4782304288   114.6002671602     15.981     10.518     -0.040   -0.069 
 487030.00    30.4782295537   114.6003731311     15.943      9.732     -0.130   -0.049 
 487031.00    30.4782279728   114.6004688312     15.892      8.736     -0.233   -0.042 
 487032.00    30.4782255972   114.6005559025     15.846      8.101     -0.313   -0.023 
 487033.00    30.4782225141   114.6006381506     15.777      7.717     -0.343   -0.104 
 487034.00    30.4782199171   114.6007159867     15.739      7.249     -0.172    0.007 
 487035.00    30.4782198888   114.6007888960     15.723      6.696      0.210   -0.024 
 487036.00    30.4782244844   114.6008559477     15.706      6.000      0.918    0.000 
 487037.00    30.4782367148   114.6009149903     15.736      5.099      1.695    0.077 
 487038.00    30.4782547596   114.6009660776     15.749      4.791      2.389   -0.030 
 487039.00    30.4782809910   114.6010173977     15.720      4.810      3.390   -0.014 
 487040.00    30.4783156750   114.6010668183     15.694      4.552      4.280   -0.038 
 487041.00    30.4783599230   114.6011135532     15.616      4.330      5.499   -0.082 
 487042.00    30.4784153622   114.6011569528     15.492      3.799      6.737   -0.107 
 487043.00    30.4784818513   114.6011925005     15.383      2.854      7.949   -0.124 
 487044.00    30.4785551905   114.6012144280     15.249      1.314      8.146   -0.120 
 487045.00    30.4786281987   114.6012205852     15.127     -0.058      8.055   -0.119 
 487046.00    30.4787012825   114.6012163525     15.027     -0.606      8.236   -0.099 
 487047.00    30.4787788983   114.6012097609     14.924     -0.648      9.009   -0.091 
 487048.00    30.4788644545   114.6012035746     14.816     -0.564      9.981   -0.113 
 487049.00    30.4789585987   114.6011989608     14.695     -0.246     10.864   -0.135 
 487050.00    30.4790609512   114.6011972232     14.571     -0.221     11.804   -0.115 
 487051.00    30.4791711127   114.6011946295     14.432     -0.331     12.641   -0.138 
 487052.00    30.4792886660   114.6011905650     14.263     -0.443     13.422   -0.192 
 487053.00    30.4794132791   114.6011856602     14.097     -0.429     14.198   -0.155 
 487054.00    30.4795446367   114.6011817742     13.935     -0.318     14.916   -0.172 
 487055.00    30.4796825714   114.6011784866     13.759     -0.327     15.675   -0.195 
 487056.00    30.4798268963   114.6011751412     13.580     -0.327     16.348   -0.173 
 487057.00    30.4799773413   114.6011718850     13.429     -0.337     17.003   -0.139 
 487058.00    30.4801334863   114.6011686019     13.322     -0.327     17.597   -0.105 
 487059.00    30.4802942438   114.6011650800     13.246     -0.326     17.817   -0.071 
 487060.00    30.4804540787   114.6011611598     13.171     -0.425     17.638   -0.072 
 487061.00    30.4806117980   114.6011569214     13.098     -0.329     17.305   -0.083 
 487062.00    30.4807673810   114.6011536027     13.033     -0.320     17.171   -0.082 
 487063.00    30.4809210649   114.6011501342     12.971     -0.387     16.989   -0.096 
 487064.00    30.4810744221   114.6011453345     12.918     -0.509     17.055   -0.031 
 487065.00    30.4812280229   114.6011403097     12.885     -0.433     16.994   -0.043 
 487066.00    30.4813801540   114.6011359206     12.819     -0.408     16.722   -0.070 
 487067.00    30.4815292719   114.6011317129     12.761     -0.382     16.338   -0.066 
 487068.00    30.4816751322   114.6011276807     12.685     -0.359     15.969   -0.052 
 487069.00    30.4818176877   114.6011239557     12.652     -0.383     15.618   -0.025 
 487070.00    30.4819568761   114.6011203372     12.631     -0.352     15.222    0.021 
 487071.00    30.4820935258   114.6011165683     12.624     -0.368     15.022   -0.093 
 487072.00    30.4822273105   114.6011125494     12.519     -0.377     14.662   -0.082 
 487073.00    30.4823581236   114.6011085540     12.459     -0.371     14.362   -0.046 
 487074.00    30.4824857990   114.6011045882     12.438     -0.382     13.980   -0.018 
 487075.00    30.4826102106   114.6011006402     12.427     -0.415     13.597    0.024 
 487076.00    30.4827312636   114.6010966221     12.435     -0.400     13.218    0.007 
 487077.00    30.4828487876   114.6010926601     12.483     -0.367     12.853    0.083 
 487078.00    30.4829639690   114.6010887191     12.562     -0.406     12.603    0.084 
 487079.00    30.4830764411   114.6010833022     12.645     -0.699     12.343    0.095 
 487080.00    30.4831870670   114.6010745570     12.720     -0.855     12.193    0.059 
 487081.00    30.4832966047   114.6010665813     12.790     -0.619     12.108    0.055 
 487082.00    30.4834053917   114.6010616106     12.854     -0.384     12.015    0.090 
 487083.00    30.4835136199   114.6010584526     12.916     -0.315     11.959    0.058 
 487084.00    30.4836212041   114.6010546834     12.986     -0.440     11.974    0.074 
 487085.00    30.4837306119   114.6010498834     13.056     -0.493     12.268    0.074 
 487086.00    30.4838419880   114.6010453295     13.123     -0.352     12.483    0.050 
 487087.00    30.4839556436   114.6010421611     13.193     -0.243     12.760    0.066 
 487088.00    30.4840712487   114.6010398527     13.283     -0.208     12.894    0.086 
 487089.00    30.4841883108   114.6010375804     13.363     -0.218     12.962    0.101 
 487090.00    30.4843052911   114.6010350681     13.455     -0.247     12.863    0.103 
 487091.00    30.4844200019   114.6010323763     13.557     -0.285     12.585    0.106 
 487092.00    30.4845333721   114.6010294346     13.660     -0.291     12.599    0.093 
 487093.00    30.4846468862   114.6010262918     13.786     -0.280     12.532    0.128 
 487094.00    30.4847595758   114.6010238199     13.913     -0.195     12.549    0.129 
 487095.00    30.4848720864   114.6010218301     14.043     -0.207     12.397    0.156 
 487096.00    30.4849840277   114.6010193296     14.204     -0.321     12.313    0.157 
 487097.00    30.4850951823   114.6010152837     14.343     -0.409     12.400    0.084 
 487098.00    30.4852075499   114.6010110227     14.406     -0.391     12.534    0.042 
 487099.00    30.4853214141   114.6010073369     14.481     -0.279     12.695    0.106 
 487100.00    30.4854367901   114.6010043512     14.597     -0.266     12.884    0.110 
 487101.00    30.4855534975   114.6010018833     14.711     -0.199     13.012    0.060 
 487102.00    30.4856714079   114.6009993903     14.808     -0.260     13.105    0.080 
 487103.00    30.4857900989   114.6009965565     14.940     -0.332     13.141    0.156 
 487104.00    30.4859081793   114.6009931275     15.069     -0.372     12.997    0.129 
 487105.00    30.4860251339   114.6009892050     15.178     -0.386     12.923    0.107 
 487106.00    30.4861412270   114.6009854115     15.271     -0.341     12.828    0.129 
 487107.00    30.4862573250   114.6009821887     15.384     -0.302     12.912    0.084 
 487108.00    30.4863742573   114.6009789061     15.457     -0.345     13.015    0.030 
 487109.00    30.4864919920   114.6009748513     15.508     -0.414     13.050    0.035 
 487110.00    30.4866078493   114.6009705868     15.514     -0.317     12.647   -0.010 
 487111.00    30.4867203247   114.6009678919     15.505     -0.195     12.295   -0.009 
 487112.00    30.4868311668   114.6009658664     15.474     -0.200     12.304   -0.040 
 487113.00    30.4869426553   114.6009633344     15.426     -0.293     12.407   -0.041 
 487114.00    30.4870549891   114.6009602171     15.394     -0.328     12.518   -0.034 
 487115.00    30.4871686324   114.6009565013     15.359     -0.374     12.681   -0.044 
 487116.00    30.4872841726   114.6009528382     15.328     -0.312     12.941   -0.046 
 487117.00    30.4874017807   114.6009499785     15.280     -0.223     13.168   -0.056 
 487118.00    30.4875216806   114.6009479827     15.237     -0.169     13.417   -0.037 
 487119.00    30.4876440311   114.6009458282     15.188     -0.274     13.680   -0.042 
 487120.00    30.4877683104   114.6009424399     15.153     -0.358     13.712   -0.004 
 487121.00    30.4878904387   114.6009389034     15.170     -0.282     13.180    0.052 
 487122.00    30.4880039947   114.6009363560     15.218     -0.190     11.892    0.040 
 487123.00    30.4881040403   114.6009346679     15.279     -0.136     10.286    0.048 
 487124.00    30.4881887040   114.6009330036     15.346     -0.161      8.379    0.080 
 487125.00    30.4882532717   114.6009299860     15.400     -0.345      5.926    0.014 
 487126.00    30.4882977019   114.6009248254     15.452     -0.709      4.304    0.061 
 487127.00    30.4883300672   114.6009136882     15.504     -1.346      2.827    0.048 
 487128.00    30.4883500276   114.6008976912     15.544     -1.718      1.878    0.048 
 487129.00    30.4883637147   114.6008783026     15.566     -2.029      1.413    0.011 
 487130.00    30.4883736439   114.6008514691     15.578     -3.091      1.080    0.023 
 487131.00    30.4883764742   114.6008144693     15.595     -3.608     -0.085    0.035 
 487132.00    30.4883675778   114.6007768505     15.602     -3.641     -1.388   -0.007 
 487133.00    30.4883442707   114.6007408311     15.567     -3.248     -3.117   -0.022 
 487134.00    30.4883065447   114.6007121241     15.465     -2.460     -4.604   -0.109 
 487135.00    30.4882569535   114.6006945821     15.343     -1.178     -5.888   -0.099 
 487136.00    30.4881970299   114.6006903320     15.284     -0.054     -6.978    0.015 
 487137.00    30.4881281741   114.6006939789     15.206      0.512     -8.090   -0.067 
 487138.00    30.4880504910   114.6006999607     15.170      0.557     -9.115   -0.013 
 487139.00    30.4879640595   114.6007047963     15.137      0.359    -10.081   -0.025 
 487140.00    30.4878694836   114.6007067604     15.090      0.122    -10.925   -0.052 
 487141.00    30.4877673342   114.6007081357     15.083      0.198    -11.704    0.026 
 487142.00    30.4876584205   114.6007117064     15.121      0.427    -12.439    0.045 
 487143.00    30.4875430207   114.6007165106     15.165      0.469    -13.141    0.045 
 487144.00    30.4874213986   114.6007213334     15.228      0.427    -13.821    0.055 
 487145.00    30.4872937025   114.6007250146     15.257      0.287    -14.509    0.039 
 487146.00    30.4871600477   114.6007278226     15.299      0.295    -15.164    0.042 
 487147.00    30.4870207326   114.6007305415     15.347      0.296    -15.753    0.041 
 487148.00    30.4868769842   114.6007338621     15.393      0.386    -16.013    0.019 
 487149.00    30.4867324577   114.6007382124     15.421      0.473    -15.924    0.026 
 487150.00    30.4865900238   114.6007424766     15.437      0.349    -15.766    0.015 
 487151.00    30.4864482303   114.6007451057     15.418      0.290    -15.677   -0.066 
 487152.00    30.4863065939   114.6007486521     15.362      0.391    -15.631   -0.080 
 487153.00    30.4861667289   114.6007532226     15.262      0.462    -15.354   -0.096 
 487154.00    30.4860291394   114.6007581749     15.141      0.448    -15.166   -0.144 
 487155.00    30.4858912474   114.6007628061     15.003      0.393    -15.341   -0.129 
 487156.00    30.4857531877   114.6007665536     14.875      0.318    -15.364   -0.109 
 487157.00    30.4856130763   114.6007701832     14.725      0.375    -15.579   -0.162 
 487158.00    30.4854729249   114.6007744754     14.559      0.425    -15.564   -0.141 
 487159.00    30.4853318869   114.6007787644     14.419      0.402    -15.713   -0.154 
 487160.00    30.4851903156   114.6007824945     14.274      0.305    -15.663   -0.159 
 487161.00    30.4850490903   114.6007851999     14.127      0.258    -15.730   -0.139 
 487162.00    30.4849063038   114.6007878598     13.983      0.261    -15.927   -0.147 
 487163.00    30.4847626813   114.6007903784     13.823      0.208    -15.836   -0.154 
 487164.00    30.4846214829   114.6007910918     13.677     -0.068    -15.530   -0.139 
 487165.00    30.4844827478   114.6007885899     13.516     -0.369    -15.296   -0.183 
 487166.00    30.4843457502   114.6007846266     13.399     -0.309    -14.978   -0.099 
 487167.00    30.4842116283   114.6007821794     13.289     -0.185    -14.705   -0.106 
 487168.00    30.4840803965   114.6007809912     13.193     -0.063    -14.393   -0.075 
 487169.00    30.4839520701   114.6007814941     13.106      0.160    -14.069   -0.101 
 487170.00    30.4838267040   114.6007844053     13.028      0.458    -13.726   -0.036 
 487171.00    30.4837045671   114.6007910864     12.972      0.777    -13.332   -0.073 
 487172.00    30.4835858062   114.6008006581     12.912      1.001    -12.991   -0.072 
 487173.00    30.4834689285   114.6008111523     12.842      0.944    -13.023   -0.079 
 487174.00    30.4833505235   114.6008198408     12.788      0.731    -13.208   -0.060 
 487175.00    30.4832312540   114.6008255207     12.717      0.314    -13.219   -0.078 
 487176.00    30.4831136951   114.6008257883     12.644     -0.215    -12.866   -0.082 
 487177.00    30.4829990351   114.6008211803     12.565     -0.600    -12.564   -0.080 
 487178.00    30.4828874743   114.6008136463     12.482     -0.754    -12.194   -0.093 
 487179.00    30.4827793609   114.6008045074     12.401     -1.020    -11.792   -0.078 
 487180.00    30.4826749190   114.6007930559     12.336     -1.064    -11.367   -0.062 
 487181.00    30.4825754783   114.6007828118     12.311     -0.903    -10.492   -0.006 
 487182.00    30.4824852026   114.6007745626     12.292     -0.750     -9.603    0.022 
 487183.00    30.4824039234   114.6007658651     12.328     -1.056     -8.610    0.013 
 487184.00    30.4823325074   114.6007492223     12.387     -1.985     -7.517    0.044 
 487185.00    30.4822710882   114.6007230991     12.455     -2.976     -6.310    0.072 
 487186.00    30.4822227521   114.6006856373     12.529     -3.927     -4.805    0.083 
 487187.00    30.4821883816   114.6006408891     12.634     -4.590     -3.419    0.097 
 487188.00    30.4821630930   114.6005868856     12.707     -5.677     -2.625    0.009 
 487189.00    30.4821419699   114.6005218899     12.736     -6.777     -2.285    0.055 
 487190.00    30.4821236431   114.6004461860     12.796     -7.760     -1.891    0.071 
 487191.00    30.4821092530   114.6003604161     12.866     -8.739     -1.459    0.041 
 487192.00    30.4820997740   114.6002642765     12.930     -9.705     -0.767    0.037 
 487193.00    30.4820966490   114.6001582286     12.955    -10.609     -0.057    0.022 
 487194.00    30.4820965641   114.6000436726     12.984    -11.358     -0.051    0.026 
 487195.00    30.4820955129   114.5999216281     13.026    -12.086     -0.175    0.041 
 487196.00    30.4820935673   114.5997922420     13.065    -12.744     -0.267    0.035 
 487197.00    30.4820905468   114.5996558470     13.104    -13.407     -0.410    0.041 
 487198.00    30.4820864844   114.5995126189     13.159    -14.073     -0.492    0.074 
 487199.00    30.4820826858   114.5993623904     13.217    -14.758     -0.363    0.079 
 487200.00    30.4820810573   114.5992082793     13.264    -14.728     -0.056    0.058 
 487201.00    30.4820816588   114.5990539224     13.320    -14.933      0.114    0.030 
 487202.00    30.4820827732   114.5988962718     13.344    -15.345      0.080    0.057 
 487203.00    30.4820834725   114.5987346364     13.397    -15.719     -0.008    0.061 
 487204.00    30.4820831637   114.5985692171     13.447    -15.952     -0.054    0.037 
 487205.00    30.4820833059   114.5984024210     13.503    -16.100      0.094    0.069 
 487206.00    30.4820850477   114.5982356250     13.547    -15.929      0.244    0.044 
 487207.00    30.4820867309   114.5980708890     13.589    -15.648      0.120    0.036 
 487208.00    30.4820873429   114.5979102543     13.652    -15.197      0.030    0.080 
 487209.00    30.4820894997   114.5977567241     13.733    -14.024      0.545    0.078 
 487210.00    30.4820977434   114.5976163031     13.798    -13.210      1.142    0.060 
 487211.00    30.4821088951   114.5974808670     13.851    -12.823      1.110    0.070 
 487212.00    30.4821152265   114.5973479330     13.910    -12.771      0.370    0.110 
 487213.00    30.4821169514   114.5972149646     14.033    -12.682      0.154    0.041 
 487214.00    30.4821167258   114.5970827547     14.132    -12.713     -0.008    0.081 
 487215.00    30.4821176557   114.5969490992     14.247    -13.021      0.160    0.107 
 487216.00    30.4821186944   114.5968111344     14.282    -13.487      0.052    0.052 
 487217.00    30.4821186464   114.5966682706     14.361    -13.957     -0.096    0.132 
 487218.00    30.4821178013   114.5965206422     14.432    -14.396     -0.129    0.060 
 487219.00    30.4821172913   114.5963684543     14.519    -14.806     -0.025    0.097 
 487220.00    30.4821174095   114.5962119617     14.620    -15.204      0.033    0.062 
 487221.00    30.4821179812   114.5960513656     14.717    -15.612      0.066    0.096 
 487222.00    30.4821183807   114.5958867009     14.856    -16.017      0.059    0.165 
 487223.00    30.4821189251   114.5957178194     15.020    -16.424      0.097    0.177 
 487224.00    30.4821200267   114.5955450174     15.231    -16.801      0.166    0.241 
 487225.00    30.4821214069   114.5953687037     15.486    -17.057      0.149    0.271 
 487226.00    30.4821228953   114.5951902185     15.790    -17.035      0.157    0.326 
 487227.00    30.4821243685   114.5950150815     16.125    -16.599      0.135    0.328 
 487228.00    30.4821252192   114.5948432342     16.459    -16.448      0.080    0.325 
 487229.00    30.4821258644   114.5946725886     16.784    -16.335      0.109    0.324 
 487230.00    30.4821265240   114.5945032936     17.121    -16.243      0.115    0.336 
 487231.00    30.4821272115   114.5943357031     17.440    -15.844      0.019    0.354 
 487232.00    30.4821273171   114.5941730456     17.751    -15.437     -0.074    0.322 
 487233.00    30.4821255978   114.5940130979     18.069    -15.266     -0.300    0.318 
 487234.00    30.4821219741   114.5938547264     18.376    -15.127     -0.497    0.315 
 487235.00    30.4821168206   114.5936981534     18.705    -14.957     -0.589    0.331 
 487236.00    30.4821124902   114.5935440398     19.012    -14.572     -0.304    0.289 
 487237.00    30.4821111762   114.5933939144     19.303    -14.193     -0.004    0.276 
 487238.00    30.4821111190   114.5932488074     19.595    -13.650      0.041    0.257 
 487239.00    30.4821111200   114.5931083081     19.854    -13.375      0.034    0.263 
 487240.00    30.4821114438   114.5929708516     20.088    -12.940      0.066    0.200 
 487241.00    30.4821129607   114.5928385609     20.286    -12.440      0.285    0.149 
 487242.00    30.4821170683   114.5927115676     20.438    -11.943      0.560    0.161 
 487243.00    30.4821216567   114.5925894189     20.552    -11.522      0.441    0.106 
 487244.00    30.4821245149   114.5924721371     20.659    -10.991      0.226    0.120 
 487245.00    30.4821257353   114.5923605984     20.735    -10.439      0.078    0.044 
 487246.00    30.4821256931   114.5922552605     20.790     -9.766     -0.067    0.057 
 487247.00    30.4821252704   114.5921560864     20.833     -9.260      0.018    0.037 
 487248.00    30.4821267843   114.5920619862     20.879     -8.787      0.246    0.019 
 487249.00    30.4821285504   114.5919731446     20.882     -8.160      0.151   -0.019 
 487250.00    30.4821289845   114.5918968950     20.858     -6.431     -0.028   -0.010 
 487251.00    30.4821285992   114.5918417041     20.875     -4.028     -0.052    0.019 
 487252.00    30.4821280984   114.5918115664     20.885     -2.373     -0.047    0.019 
 487253.00    30.4821276471   114.5917902309     20.896     -1.633     -0.028    0.003 
 487254.00    30.4821273254   114.5917781692     20.896     -0.634     -0.002    0.003 
 487255.00    30.4821272841   114.5917764274     20.895      0.002      0.037   -0.008 
 487256.00    30.4821272832   114.5917764154     20.895      0.004      0.015   -0.004 
 487257.00    30.4821272830   114.5917764154     20.895      0.002      0.012   -0.001 
 487258.00    30.4821272857   114.5917764150     20.896      0.015      0.017   -0.008 
 487259.00    30.4821272870   114.5917764123     20.895      0.002     -0.016    0.005 
 487260.00    30.4821272884   114.5917764101     20.895      0.002     -0.019    0.006 
 487261.00    30.4821272893   114.5917764088     20.895      0.002     -0.018    0.003 
 487262.00    30.4821272906   114.5917764059     20.894      0.002     -0.024    0.003 
 487263.00    30.4821272923   114.5917764074     20.894     -0.002     -0.025    0.005 
 487264.00    30.4821272954   114.5917764137     20.893     -0.008     -0.030    0.008 
 487265.00    30.4821272947   114.5917764190     20.892      0.016     -0.025   -0.003 
 487266.00    30.4821272940   114.5917764243     20.891      0.018     -0.019   -0.002 
 487267.00    30.4821272900   114.5917764260     20.890     -0.003     -0.039    0.013 
 487268.00    30.4821272840   114.5917764274     20.890      0.003     -0.035    0.011 
 487269.00    30.4821272782   114.5917764248     20.890     -0.010     -0.029    0.013 
 487270.00    30.4821272725   114.5917764185     20.891     -0.006      0.010    0.003 
 487271.00    30.4821272727   114.5917764170     20.891      0.008      0.040   -0.011 
 487272.00    30.4821272755   114.5917764173     20.891      0.005      0.041   -0.010 
 487273.00    30.4821272810   114.5917764220     20.891     -0.001      0.012   -0.004 
 487274.00    30.4821272841   114.5917764205     20.891     -0.003     -0.032    0.008 
 487275.00    30.4821272815   114.5917764188     20.890     -0.009      0.033   -0.006 
 487276.00    30.4821272805   114.5917764191     20.890     -0.009     -0.018    0.003 
 487277.00    30.4821272833   114.5917764127     20.889     -0.015     -0.016    0.010 
 487278.00    30.4821272840   114.5917764119     20.889     -0.010     -0.007    0.005 
 487279.00    30.4821272833   114.5917764047     20.889      0.026     -0.019   -0.004 
 487280.00    30.4821272780   114.5917764025     20.889      0.000      0.022   -0.003 
 487281.00    30.4821272754   114.5917763996     20.889      0.006     -0.043    0.007 
 487282.00    30.4821272692   114.5917763944     20.889      0.021      0.039   -0.014 
 487283.00    30.4821272687   114.5917763993     20.890     -0.002     -0.020    0.005 
 487284.00    30.4821272688   114.5917763982     20.890     -0.004      0.002    0.005 
 487285.00    30.4821272749   114.5917764060     20.891     -0.006      0.029   -0.006 
 487286.00    30.4821272820   114.5917764078     20.891      0.004     -0.010    0.003 
 487287.00    30.4821272809   114.5917764096     20.891     -0.031      0.020    0.008 
 487288.00    30.4821272709   114.5917762426     20.892     -0.094     -0.031    0.009 
 487289.00    30.4821271452   114.5917716140     20.894     -1.110     -0.057    0.014 
 487290.00    30.4821264330   114.5917502420     20.897     -3.017     -0.078    0.014 
 487291.00    30.4821255443   114.5917093613     20.922     -4.804     -0.092    0.076 
 487292.00    30.4821241485   114.5916507557     20.950     -6.356     -0.242    0.041 
 487293.00    30.4821224805   114.5915777785     21.018     -7.667     -0.275    0.155 
 487294.00    30.4821211081   114.5914924857     21.080     -8.803     -0.116    0.026 
 487295.00    30.4821206072   114.5913984477     21.040     -9.232     -0.087   -0.064 
 487296.00    30.4821206055   114.5912986920     21.080     -9.915      0.068    0.103 
 487297.00    30.4821221338   114.5911925408     21.147    -10.455      0.235    0.085 
 487298.00    30.4821242752   114.5910807886     21.252    -10.960      0.197    0.153 
 487299.00    30.4821261508   114.5909644339     21.486    -11.359      0.285    0.260 
 487300.00    30.4821279907   114.5908432778     21.558    -11.872      0.174    0.073 
 487301.00    30.4821297488   114.5907170901     21.628    -12.363      0.175    0.130 
 487302.00    30.4821311611   114.5905859945     21.730    -12.817      0.108    0.119 
 487303.00    30.4821316705   114.5904501610     21.782    -13.302     -0.033    0.039 
 487304.00    30.4821311907   114.5903097592     21.873    -13.624     -0.093    0.070 
 487305.00    30.4821304255   114.5901666384     21.985    -13.678     -0.035    0.138 
 487306.00    30.4821309388   114.5900260258     22.068    -13.272      0.147    0.086 
 487307.00    30.4821327730   114.5898888137     22.159    -13.069      0.207    0.123 
 487308.00    30.4821349472   114.5897538281     22.248    -12.894      0.219    0.088 
 487309.00    30.4821361013   114.5896209927     22.325    -12.602      0.048    0.102 
 487310.00    30.4821365287   114.5894919776     22.400    -12.162     -0.061    0.083 
 487311.00    30.4821341901   114.5893676614     22.489    -11.696     -0.372    0.129 
 487312.00    30.4821312305   114.5892483850     22.567    -11.274     -0.292    0.082 
 487313.00    30.4821291208   114.5891345611     22.655    -10.464     -0.133    0.091 
 487314.00    30.4821284730   114.5890357224     22.713     -8.427     -0.007    0.053 
 487315.00    30.4821287425   114.5889604087     22.749     -5.928      0.009    0.020 
 487316.00    30.4821288672   114.5889137731     22.771     -2.827      0.014    0.001 
 487317.00    30.4821288885   114.5888945254     22.773     -1.168      0.021   -0.000 
 487318.00    30.4821288661   114.5888886211     22.776      0.058     -0.019    0.008 
 487319.00    30.4821288638   114.5888887831     22.778     -0.029     -0.020    0.010 
 487320.00    30.4821288566   114.5888861154     22.779     -0.765     -0.002   -0.002 
 487321.00    30.4821287969   114.5888709160     22.787     -2.387     -0.014    0.019 
 487322.00    30.4821285984   114.5888363201     22.797     -4.230     -0.044    0.006 
 487323.00    30.4821279494   114.5887834898     22.799     -5.867     -0.088    0.014 
 487324.00    30.4821267608   114.5887150709     22.799     -7.251     -0.167    0.010 
 487325.00    30.4821253473   114.5886334652     22.806     -8.395     -0.121   -0.031 
 487326.00    30.4821246287   114.5885399998     22.744     -9.360      0.002   -0.115 
 487327.00    30.4821253363   114.5884396006     22.607    -10.017      0.161   -0.125 
 487328.00    30.4821268148   114.5883308567     22.502    -10.867      0.171   -0.110 
 487329.00    30.4821281811   114.5882135734     22.368    -11.697      0.096   -0.141 
 487330.00    30.4821297866   114.5880879344     22.158    -12.463      0.177   -0.223 
 487331.00    30.4821320062   114.5879544754     21.940    -13.166      0.233   -0.206 
 487332.00    30.4821334087   114.5878138901     21.718    -13.793      0.130   -0.234 
 487333.00    30.4821343724   114.5876667713     21.478    -14.375      0.125   -0.224 
 487334.00    30.4821365523   114.5875143135     21.222    -14.823      0.316   -0.299 
 487335.00    30.4821392864   114.5873587563     20.955    -14.950      0.298   -0.239 
 487336.00    30.4821423247   114.5872037237     20.708    -14.810      0.374   -0.242 
 487337.00    30.4821454384   114.5870509352     20.461    -14.564      0.272   -0.284 
 487338.00    30.4821476013   114.5869006168     20.269    -14.279      0.273   -0.276 
 487339.00    30.4821496110   114.5867550061     19.987    -13.455      0.178   -0.220 
 487340.00    30.4821509686   114.5866195929     19.766    -12.478      0.151   -0.229 
 487341.00    30.4821516708   114.5864968462     19.578    -11.025      0.038   -0.135 
 487342.00    30.4821521030   114.5863919502     19.454     -9.061      0.066   -0.133 
 487343.00    30.4821528558   114.5863087464     19.285     -6.871      0.058   -0.152 
 487344.00    30.4821533604   114.5862510282     19.165     -4.045      0.036   -0.070 
 487345.00    30.4821535009   114.5862252390     19.117     -1.246     -0.003   -0.017 
 487346.00    30.4821534852   114.5862219972     19.111     -0.007     -0.017    0.011 
 487347.00    30.4821534812   114.5862219483     19.113     -0.013     -0.012    0.002 
 487348.00    30.4821534774   114.5862219393     19.112     -0.007      0.006    0.000 
 487349.00    30.4821534762   114.5862219339     19.111      0.008     -0.013    0.000 
 487350.00    30.4821534774   114.5862219345     19.111      0.003     -0.030    0.005 
 487351.00    30.4821534787   114.5862219402     19.112      0.000      0.019   -0.003 
 487352.00    30.4821534823   114.5862219439     19.112      0.002     -0.013    0.006 
 487353.00    30.4821534789   114.5862219505     19.114      0.006     -0.037    0.007 
 487354.00    30.4821534764   114.5862217320     19.113     -0.154     -0.001   -0.003 
 487355.00    30.4821535185   114.5862173864     19.108     -0.800     -0.003   -0.016 
 487356.00    30.4821536198   114.5861995798     19.079     -2.730      0.013   -0.047 
 487357.00    30.4821538305   114.5861605004     19.026     -4.723      0.039   -0.075 
 487358.00    30.4821540084   114.5861022428     18.935     -6.403     -0.012   -0.099 
 487359.00    30.4821538096   114.5860280434     18.863     -7.841     -0.001   -0.051 
 487360.00    30.4821536111   114.5859394839     18.757     -9.170     -0.016   -0.124 
 487361.00    30.4821535658   114.5858360481     18.555    -10.613     -0.024   -0.207 
 487362.00    30.4821537285   114.5857182240     18.332    -11.927      0.070   -0.177 
 487363.00    30.4821545409   114.5855929409     18.110    -12.134      0.106   -0.117 
 487364.00    30.4821557093   114.5854651091     17.959    -12.511      0.093   -0.147 
 487365.00    30.4821571559   114.5853324987     17.806    -13.053      0.161   -0.051 
 487366.00    30.4821582346   114.5851935397     17.741    -13.651      0.105   -0.016 
 487367.00    30.4821592933   114.5850482976     17.764    -14.237      0.081    0.019 
 487368.00    30.4821597145   114.5848973095     17.876    -14.779      0.024    0.129 
 487369.00    30.4821587247   114.5847403399     18.040    -15.315     -0.185    0.119 
 487370.00    30.4821570892   114.5845786250     18.238    -15.742     -0.152    0.220 
 487371.00    30.4821552812   114.5844119485     18.435    -16.227     -0.280    0.185 
 487372.00    30.4821530585   114.5842402225     18.626    -16.726     -0.259    0.179 
 487373.00    30.4821505091   114.5840635974     18.831    -17.193     -0.320    0.290 
 487374.00    30.4821486090   114.5838822632     19.047    -17.623     -0.106    0.224 
 487375.00    30.4821479971   114.5836963441     19.250    -18.046      0.018    0.199 
 487376.00    30.4821483210   114.5835057311     19.447    -18.598      0.080    0.218 
 487377.00    30.4821492308   114.5833106275     19.644    -18.762      0.100    0.285 
 487378.00    30.4821497403   114.5831159775     19.920    -18.742      0.009    0.276 
 487379.00    30.4821503697   114.5829199086     20.135    -18.948      0.074    0.078 
 487380.00    30.4821511481   114.5827213699     20.318    -19.069      0.084    0.179 
 487381.00    30.4821518361   114.5825251440     20.554    -18.688      0.102    0.239 
 487382.00    30.4821532457   114.5823321993     20.761    -18.376      0.186    0.204 
 487383.00    30.4821546198   114.5821425557     20.979    -18.034      0.139    0.230 
 487384.00    30.4821564104   114.5819570147     21.181    -17.607      0.239    0.239 
 487385.00    30.4821594110   114.5817763914     21.391    -17.090      0.374    0.214 
 487386.00    30.4821637190   114.5816006681     21.594    -16.714      0.512    0.088 
 487387.00    30.4821683209   114.5814292668     21.724    -16.224      0.470    0.109 
 487388.00    30.4821723197   114.5812630314     21.877    -15.722      0.488    0.214 
 487389.00    30.4821758521   114.5811017184     22.039    -15.248      0.322    0.138 
 487390.00    30.4821777544   114.5809457786     22.264    -14.697      0.162    0.198 
 487391.00    30.4821781040   114.5807951981     22.432    -14.157      0.033    0.080 
 487392.00    30.4821785108   114.5806498743     22.555    -13.660      0.118    0.084 
 487393.00    30.4821795423   114.5805129720     22.652    -12.734      0.082    0.081 
 487394.00    30.4821800992   114.5803835100     22.830    -12.216      0.036    0.183 
 487395.00    30.4821798840   114.5802588235     22.853    -11.860      0.002   -0.098 
 487396.00    30.4821793705   114.5801349830     22.779    -12.017     -0.158    0.038 
 487397.00    30.4821778976   114.5800080752     22.754    -12.376     -0.184   -0.049 
 487398.00    30.4821763192   114.5798768700     22.711    -12.850     -0.049   -0.055 
 487399.00    30.4821758194   114.5797407159     22.654    -13.346     -0.034   -0.042 
 487400.00    30.4821760250   114.5795994654     22.615    -13.788      0.021    0.018 
 487401.00    30.4821759071   114.5794532841     22.565    -14.291     -0.045   -0.086 
 487402.00    30.4821750046   114.5793017461     22.491    -14.819     -0.154   -0.045 
 487403.00    30.4821732208   114.5791441756     22.436    -15.422     -0.235   -0.137 
 487404.00    30.4821712925   114.5789808180     22.349    -15.972     -0.189   -0.084 
 487405.00    30.4821701748   114.5788119762     22.267    -16.486     -0.076   -0.066 
 487406.00    30.4821704719   114.5786376027     22.173    -17.043      0.097   -0.077 
 487407.00    30.4821715132   114.5784577093     22.092    -17.529      0.095   -0.096 
 487408.00    30.4821719037   114.5782728392     22.050    -18.003     -0.055   -0.104 
 487409.00    30.4821720615   114.5780829458     21.975    -18.472      0.041   -0.021 
 487410.00    30.4821725234   114.5778882341     21.871    -18.949      0.082   -0.088 
 487411.00    30.4821738341   114.5776888936     21.787    -19.330      0.205   -0.105 
 487412.00    30.4821752048   114.5774850833     21.683    -19.792      0.118   -0.091 
 487413.00    30.4821766656   114.5772770007     21.618    -20.154      0.272   -0.062 
 487414.00    30.4821777355   114.5770671452     21.513    -19.964      0.182   -0.037 
 487415.00    30.4821785315   114.5768610683     21.398    -19.597      0.060   -0.230 
 487416.00    30.4821803024   114.5766594722     21.328    -19.176      0.245   -0.095 
 487417.00    30.4821822247   114.5764598016     21.203    -19.236      0.179   -0.089 
 487418.00    30.4821836171   114.5762589571     21.111    -19.311      0.066   -0.081 
 487419.00    30.4821841887   114.5760584471     21.024    -19.089      0.020   -0.089 
 487420.00    30.4821841189   114.5758617436     20.946    -18.685     -0.044   -0.040 
 487421.00    30.4821834779   114.5756696496     20.974    -18.228     -0.105    0.109 
 487422.00    30.4821831752   114.5754824189     21.069    -17.726     -0.006    0.080 
 487423.00    30.4821832979   114.5753002429     21.163    -17.261      0.014    0.138 
 487424.00    30.4821827460   114.5751220978     21.219    -17.001     -0.066    0.026 
 487425.00    30.4821835266   114.5749472339     21.209    -16.592      0.187   -0.005 
 487426.00    30.4821865334   114.5747760536     21.309    -16.425      0.353    0.028 
 487427.00    30.4821895799   114.5746043649     21.365    -16.612      0.321    0.092 
 487428.00    30.4821919595   114.5744308729     21.443    -16.765      0.172    0.075 
 487429.00    30.4821932419   114.5742553413     21.540    -16.949      0.100    0.120 
 487430.00    30.4821933639   114.5740776394     21.632    -17.176     -0.025    0.133 
 487431.00    30.4821929067   114.5738980470     21.747    -17.343     -0.064    0.124 
 487432.00    30.4821924694   114.5737171144     21.834    -17.346      0.005    0.058 
 487433.00    30.4821924196   114.5735361795     21.901    -17.393      0.001    0.096 
 487434.00    30.4821932622   114.5733545805     21.975    -17.475      0.084    0.109 
 487435.00    30.4821946215   114.5731713242     22.049    -17.706      0.202    0.115 
 487436.00    30.4821956053   114.5729856788     22.119    -17.900      0.090    0.052 
 487437.00    30.4821965546   114.5727977808     22.209    -18.100      0.179    0.097 
 487438.00    30.4821981565   114.5726083630     22.308    -18.280      0.173    0.105 
 487439.00    30.4821998005   114.5724172576     22.391    -18.450      0.196    0.078 
 487440.00    30.4822013130   114.5722244393     22.467    -18.563      0.163    0.062 
 487441.00    30.4822024136   114.5720316352     22.562    -18.493      0.101    0.118 
 487442.00    30.4822032483   114.5718398457     22.649    -18.308      0.032    0.089 
 487443.00    30.4822037900   114.5716489575     22.741    -18.405      0.038    0.089 
 487444.00    30.4822041041   114.5714570179     22.844    -18.351      0.004    0.143 
 487445.00    30.4822047648   114.5712673509     23.020    -18.162      0.074    0.209 
 487446.00    30.4822059037   114.5710780212     23.251    -18.198      0.155    0.223 
 487447.00    30.4822067315   114.5708890827     23.550    -18.089      0.113    0.330 
 487448.00    30.4822078220   114.5707011220     23.920    -17.977      0.177    0.358 
 487449.00    30.4822095990   114.5705149228     24.300    -17.772      0.243    0.332 
 487450.00    30.4822111815   114.5703303874     24.655    -17.620      0.162    0.343 
 487451.00    30.4822121983   114.5701475790     25.031    -17.483      0.056    0.430 
 487452.00    30.4822121694   114.5699656357     25.391    -17.496     -0.086    0.408 
 487453.00    30.4822115601   114.5697838594     25.766    -17.366     -0.047    0.334 
 487454.00    30.4822118456   114.5696033779     26.141    -17.343      0.042    0.346 
 487455.00    30.4822122371   114.5694227323     26.498    -17.343      0.049    0.370 
 487456.00    30.4822128455   114.5692438682     26.876    -16.973      0.050    0.385 
 487457.00    30.4822147511   114.5690694117     27.211    -16.489      0.351    0.314 
 487458.00    30.4822182325   114.5689010308     27.561    -15.842      0.391    0.364 
 487459.00    30.4822223732   114.5687389661     27.883    -15.245      0.496    0.290 
 487460.00    30.4822274094   114.5685829297     28.134    -14.782      0.705    0.188 
 487461.00    30.4822342671   114.5684289973     28.314    -14.898      0.875    0.185 
 487462.00    30.4822443083   114.5682729206     28.438    -15.080      1.349    0.064 
 487463.00    30.4822593002   114.5681144826     28.470    -15.331      1.971   -0.018 
 487464.00    30.4822800729   114.5679538820     28.417    -15.439      2.542   -0.094 
 487465.00    30.4823040728   114.5677944141     28.297    -15.175      2.701   -0.130 
 487466.00    30.4823300407   114.5676349390     28.120    -15.533      3.053   -0.196 
 487467.00    30.4823592948   114.5674706683     27.905    -16.042      3.403   -0.217 
 487468.00    30.4823910620   114.5673000094     27.688    -16.694      3.541   -0.211 
 487469.00    30.4824236683   114.5671238450     27.456    -17.178      3.643   -0.209 
 487470.00    30.4824569666   114.5669424335     27.249    -17.666      3.682   -0.230 
 487471.00    30.4824902231   114.5667566836     27.018    -17.824      3.611   -0.263 
 487472.00    30.4825221216   114.5665723503     26.772    -17.596      3.475   -0.268 
 487473.00    30.4825529087   114.5663912950     26.558    -17.212      3.370   -0.219 
 487474.00    30.4825839789   114.5662138756     26.362    -16.862      3.508   -0.179 
 487475.00    30.4826153835   114.5660397734     26.111    -16.573      3.411   -0.217 
 487476.00    30.4826449520   114.5658710143     25.956    -15.723      3.123   -0.140 
 487477.00    30.4826715580   114.5657133574     25.775    -14.619      2.787   -0.166 
 487478.00    30.4826955787   114.5655621699     25.545    -14.363      2.534   -0.239 
 487479.00    30.4827179077   114.5654135458     25.360    -14.152      2.472   -0.192 
 487480.00    30.4827407796   114.5652665472     25.183    -14.029      2.567   -0.118 
 487481.00    30.4827641001   114.5651207074     25.041    -13.954      2.558   -0.188 
 487482.00    30.4827871415   114.5649751860     24.830    -14.081      2.504   -0.232 
 487483.00    30.4828093525   114.5648278960     24.668    -14.176      2.427   -0.139 
 487484.00    30.4828312457   114.5646813627     24.469    -13.951      2.421   -0.157 
 487485.00    30.4828519062   114.5645419396     24.277    -12.684      2.194   -0.234 
 487486.00    30.4828703976   114.5644184813     24.130    -11.065      1.918   -0.072 
 487487.00    30.4828865670   114.5643140422     23.990     -8.997      1.638   -0.105 
 487488.00    30.4828997627   114.5642280196     23.898     -7.926      1.349   -0.074 
 487489.00    30.4829112124   114.5641474644     23.806     -7.649      1.194   -0.108 
 487490.00    30.4829219355   114.5640644582     23.698     -8.362      1.183   -0.111 
 487491.00    30.4829332500   114.5639721148     23.595     -9.371      1.303   -0.109 
 487492.00    30.4829452989   114.5638689971     23.468    -10.393      1.376   -0.146 
 487493.00    30.4829578378   114.5637550884     23.314    -11.451      1.403   -0.143 
 487494.00    30.4829706944   114.5636308327     23.175    -12.427      1.446   -0.127 
 487495.00    30.4829835618   114.5634967498     23.010    -13.346      1.380   -0.188 
 487496.00    30.4829956212   114.5633533370     22.837    -14.200      1.318   -0.188 
 487497.00    30.4830068534   114.5632009771     22.637    -15.054      1.209   -0.169 
 487498.00    30.4830169542   114.5630425651     22.434    -15.199      1.005   -0.193 
 487499.00    30.4830251863   114.5628837758     22.248    -15.385      0.834   -0.187 
 487500.00    30.4830327590   114.5627216677     22.033    -15.759      0.789   -0.227 
 487501.00    30.4830383203   114.5625558934     21.823    -16.070      0.435   -0.181 
 487502.00    30.4830405874   114.5623870172     21.604    -16.342      0.190   -0.222 
 487503.00    30.4830416996   114.5622159406     21.390    -16.496      0.105   -0.283 
 487504.00    30.4830426689   114.5620444996     21.199    -16.403      0.129   -0.218 
 487505.00    30.4830435737   114.5618736656     21.019    -16.422      0.081   -0.177 
 487506.00    30.4830443455   114.5617033477     20.845    -16.255      0.080   -0.136 
 487507.00    30.4830455670   114.5615362565     20.692    -15.767      0.217   -0.139 
 487508.00    30.4830478028   114.5613774649     20.563    -14.675      0.283   -0.118 
 487509.00    30.4830504998   114.5612282037     20.463    -14.145      0.296   -0.060 
 487510.00    30.4830530089   114.5610839120     20.432    -13.501      0.224   -0.035 
 487511.00    30.4830547638   114.5609464542     20.366    -12.979      0.127   -0.089 
 487512.00    30.4830561254   114.5608127815     20.349    -12.788      0.093    0.037 
 487513.00    30.4830578192   114.5606797897     20.299    -12.809      0.209   -0.048 
 487514.00    30.4830600440   114.5605452550     20.270    -13.044      0.242   -0.028 
 487515.00    30.4830611288   114.5604070400     20.243    -13.473     -0.027   -0.010 
 487516.00    30.4830601044   114.5602650088     20.203    -13.779     -0.192   -0.097 
 487517.00    30.4830585974   114.5601201147     20.139    -14.053     -0.162   -0.061 
 487518.00    30.4830570621   114.5599729775     20.070    -14.121     -0.149   -0.059 
 487519.00    30.4830569950   114.5598278528     20.020    -13.724      0.090   -0.019 
 487520.00    30.4830592287   114.5596871898     19.961    -13.265      0.371   -0.094 
 487521.00    30.4830643376   114.5595511804     19.932    -12.884      0.779   -0.069 
 487522.00    30.4830727120   114.5594194488     19.908    -12.489      1.054   -0.007 
 487523.00    30.4830833402   114.5592916957     19.829    -12.099      1.244   -0.053 
 487524.00    30.4830951198   114.5591656980     19.766    -12.226      1.241   -0.060 
 487525.00    30.4831055830   114.5590354244     19.690    -12.769      1.034   -0.072 
 487526.00    30.4831125130   114.5588999467     19.642    -13.212      0.708   -0.230 
 487527.00    30.4831149317   114.5587594259     19.529    -13.776      0.080   -0.068 
 487528.00    30.4831141257   114.5586169515     19.463    -13.257     -0.167   -0.050 
 487529.00    30.4831132171   114.5584869821     19.414    -11.659     -0.005   -0.045 
 487530.00    30.4831146754   114.5583745157     19.366    -10.127      0.329   -0.063 
 487531.00    30.4831203101   114.5582759432     19.324     -8.599      0.799   -0.030 
 487532.00    30.4831321173   114.5581977281     19.267     -6.374      1.741   -0.099 
 487533.00    30.4831567117   114.5581402498     19.183     -4.858      3.261   -0.099 
 487534.00    30.4831918784   114.5580981190     19.111     -3.347      4.190   -0.059 
 487535.00    30.4832355140   114.5580706008     19.059     -2.012      5.396   -0.073 
 487536.00    30.4832901176   114.5580573482     18.999     -0.734      6.593   -0.069 
 487537.00    30.4833550176   114.5580523643     18.959     -0.303      7.760   -0.006 
 487538.00    30.4834302623   114.5580499149     18.990     -0.161      8.910    0.048 
 487539.00    30.4835153425   114.5580483580     19.001     -0.142      9.972    0.011 
 487540.00    30.4836097205   114.5580479327     19.024      0.048     10.971    0.017 
 487541.00    30.4837129184   114.5580482170     19.048      0.005     11.889    0.087 
 487542.00    30.4838242925   114.5580480196     19.118     -0.034     12.817    0.056 
 487543.00    30.4839432446   114.5580477180     19.166      0.018     13.569    0.026 
 487544.00    30.4840692566   114.5580477842     19.233      0.032     14.349    0.123 
 487545.00    30.4842000904   114.5580477738     19.358      0.008     14.513    0.113 
 487546.00    30.4843291612   114.5580479321     19.494      0.116     14.144    0.134 
 487547.00    30.4844577134   114.5580497030     19.687      0.252     14.389    0.182 
 487548.00    30.4845887470   114.5580519740     19.891      0.183     14.694    0.255 
 487549.00    30.4847231693   114.5580534355     20.085      0.133     15.102    0.229 
 487550.00    30.4848605176   114.5580541143     20.327     -0.003     15.328    0.222 
 487551.00    30.4849975302   114.5580541953     20.541      0.088     15.077    0.161 
 487552.00    30.4851327496   114.5580555041     20.739      0.160     14.872    0.185 
 487553.00    30.4852648663   114.5580576224     20.935      0.209     14.457    0.222 
 487554.00    30.4853944817   114.5580599230     21.143      0.185     14.291    0.192 
 487555.00    30.4855232902   114.5580614380     21.342      0.114     14.289    0.213 
 487556.00    30.4856513744   114.5580623314     21.545      0.067     14.131    0.223 
 487557.00    30.4857783898   114.5580627544     21.752      0.085     14.013    0.171 
 487558.00    30.4859041520   114.5580637479     21.947      0.119     13.914    0.182 
 487559.00    30.4860287813   114.5580654415     22.142      0.162     13.787    0.171 
 487560.00    30.4861525009   114.5580667850     22.347      0.078     13.680    0.224 
 487561.00    30.4862754880   114.5580669936     22.533     -0.012     13.521    0.199 
 487562.00    30.4863977645   114.5580666672     22.738      0.007     13.568    0.147 
 487563.00    30.4865201457   114.5580677003     22.926      0.158     13.597    0.185 
 487564.00    30.4866428559   114.5580699627     23.132      0.231     13.611    0.202 
 487565.00    30.4867657199   114.5580718881     23.321      0.119     13.622    0.226 
 487566.00    30.4868885239   114.5580729339     23.519      0.105     13.519    0.211 
 487567.00    30.4870098493   114.5580740876     23.710      0.157     13.398    0.135 
 487568.00    30.4871308414   114.5580754237     23.892      0.121     13.309    0.235 
 487569.00    30.4872503756   114.5580768813     24.074      0.103     13.111    0.198 
 487570.00    30.4873677780   114.5580777916     24.252      0.054     12.893    0.203 
 487571.00    30.4874837557   114.5580780551     24.445     -0.065     12.667    0.210 
 487572.00    30.4875960835   114.5580775515     24.615     -0.074     12.323    0.141 
 487573.00    30.4877055999   114.5580763117     24.788     -0.131     11.960    0.204 
 487574.00    30.4878113011   114.5580755955     24.977     -0.047     11.475    0.162 
 487575.00    30.4879122134   114.5580756765     25.122      0.028     10.896    0.168 
 487576.00    30.4880081333   114.5580758525     25.265      0.019     10.292    0.114 
 487577.00    30.4880966704   114.5580753808     25.410     -0.115      9.215    0.151 
 487578.00    30.4881735920   114.5580723555     25.541     -0.492      7.764    0.126 
 487579.00    30.4882346478   114.5580653589     25.654     -0.829      5.702    0.090 
 487580.00    30.4882792103   114.5580540815     25.733     -1.372      4.321    0.060 
 487581.00    30.4883095143   114.5580374845     25.778     -1.622      2.587    0.035 
 487582.00    30.4883281856   114.5580191716     25.794     -1.906      1.820    0.008 
 487583.00    30.4883423142   114.5579946771     25.785     -2.556      1.384   -0.005 
 487584.00    30.4883515821   114.5579662567     25.750     -3.070      0.956   -0.030 
 487585.00    30.4883574973   114.5579306927     25.739     -3.421      0.553    0.029 
 487586.00    30.4883596327   114.5578969615     25.704     -3.052      0.199   -0.067 
 487587.00    30.4883606042   114.5578645002     25.636     -3.121      0.076   -0.064 
 487588.00    30.4883603223   114.5578324486     25.569     -2.976     -0.041   -0.072 
 487589.00    30.4883587016   114.5578023330     25.507     -2.785     -0.212   -0.071 
 487590.00    30.4883545079   114.5577733295     25.442     -2.770     -0.611   -0.054 
 487591.00    30.4883435350   114.5577430321     25.381     -3.070     -1.562   -0.044 
 487592.00    30.4883222860   114.5577134850     25.319     -2.497     -2.462   -0.053 
 487593.00    30.4882972422   114.5576946308     25.263     -1.396     -2.555   -0.033 
 487594.00    30.4882728017   114.5576857617     25.230     -0.631     -2.494   -0.009 
 487595.00    30.4882490605   114.5576837555     25.218     -0.094     -2.387   -0.001 
 487596.00    30.4882278793   114.5576841028     25.205     -0.003     -2.211    0.010 
 487597.00    30.4882087332   114.5576846725     25.190      0.058     -2.131    0.027 
 487598.00    30.4881831381   114.5576855328     25.186      0.090     -3.587   -0.007 
 487599.00    30.4881445708   114.5576865524     25.166      0.085     -4.912   -0.028 
 487600.00    30.4880961482   114.5576875144     25.141      0.059     -5.596   -0.023 
 487601.00    30.4880470911   114.5576876986     25.123     -0.007     -5.173   -0.034 
 487602.00    30.4880035131   114.5576872284     25.100     -0.049     -4.487   -0.027 
 487603.00    30.4879670710   114.5576861768     25.055     -0.107     -3.514   -0.051 
 487604.00    30.4879408997   114.5576833767     25.019     -0.443     -2.618   -0.029 
 487605.00    30.4879215669   114.5576739580     24.992     -1.080     -2.032   -0.044 
 487606.00    30.4879101184   114.5576583229     24.966     -1.500     -1.242   -0.025 
 487607.00    30.4879043640   114.5576409752     24.944     -1.677     -0.679   -0.030 
 487608.00    30.4879019450   114.5576223708     24.924     -1.774     -0.353   -0.107 
 487609.00    30.4879012661   114.5576027036     24.944     -1.863     -0.008    0.093 
 487610.00    30.4879021086   114.5575818681     24.957     -2.166      0.041    0.015 
 487611.00    30.4879033572   114.5575544144     24.987     -2.944      0.157    0.049 
 487612.00    30.4879050052   114.5575242492     25.023     -2.713      0.161    0.047 
 487613.00    30.4879058901   114.5574983405     25.121     -2.342     -0.015    0.189 
 487614.00    30.4879063093   114.5574708125     25.061     -2.545      0.215    0.030 
 487615.00    30.4879064512   114.5574430921     24.823     -2.762     -0.026   -0.299 
 487616.00    30.4879068528   114.5574112508     24.437     -3.350      0.150   -0.495 
 487617.00    30.4879070802   114.5573731974     23.914     -3.776      0.169   -0.582 
 487618.00    30.4879070080   114.5573351011     23.377     -3.536      0.199   -0.572 
 487619.00    30.4879069089   114.5572970900     22.839     -3.733      0.066   -0.594 
 487620.00    30.4879066967   114.5572572128     22.245     -3.756     -0.035   -0.596 
