   GPSTime         Latitude        Longitude      H-Ell      Vel-N      Vel-E    Vel-U   Q
     (sec)            (Deg)            (Deg)        (m)      (m/s)      (m/s)    (m/s)  
 486548.00    30.4871447706   114.5638129318     26.462     -2.755     -8.006   -0.110 
 486549.00    30.4870700364   114.5637824773     26.334     -3.032     -8.562   -0.109 
 486550.00    30.4869926315   114.5637502207     26.184     -3.124     -8.607   -0.156 
 486551.00    30.4869141132   114.5637171254     26.036     -3.230     -8.818   -0.135 
 486552.00    30.4868336704   114.5636834458     25.887     -3.221     -9.029   -0.107 
 486553.00    30.4867515661   114.5636505242     25.755     -3.143     -9.186   -0.113 
 486554.00    30.4866678918   114.5636188764     25.609     -2.984     -9.402   -0.154 
 486555.00    30.4865814276   114.5635895870     25.442     -2.751     -9.747   -0.176 
 486556.00    30.4864926405   114.5635643627     25.283     -2.262     -9.930   -0.158 
 486557.00    30.4864019902   114.5635447918     25.123     -1.719    -10.199   -0.166 
 486558.00    30.4863086233   114.5635304771     24.947     -1.223    -10.505   -0.168 
 486559.00    30.4862127439   114.5635205319     24.766     -0.861    -10.751   -0.197 
 486560.00    30.4861148467   114.5635129867     24.596     -0.646    -10.977   -0.167 
 486561.00    30.4860151202   114.5635086704     24.438     -0.296    -11.107   -0.183 
 486562.00    30.4859155176   114.5635084266     24.267      0.119    -11.026   -0.194 
 486563.00    30.4858161341   114.5635125801     24.082      0.549    -11.063   -0.205 
 486564.00    30.4857152812   114.5635207884     23.900      0.894    -11.303   -0.166 
 486565.00    30.4856128275   114.5635321041     23.747      1.185    -11.423   -0.166 
 486566.00    30.4855087471   114.5635458375     23.559      1.385    -11.691   -0.211 
 486567.00    30.4854023494   114.5635609917     23.400      1.487    -11.875   -0.094 
 486568.00    30.4852947977   114.5635764999     23.343      1.471    -11.985   -0.085 
 486569.00    30.4851864387   114.5635903740     23.220      1.265    -12.018   -0.097 
 486570.00    30.4850787066   114.5636022179     23.136      1.069    -11.807   -0.124 
 486571.00    30.4849728374   114.5636145556     23.067      1.175    -11.677   -0.028 
 486572.00    30.4848678363   114.5636281903     23.019      1.359    -11.637   -0.025 
 486573.00    30.4847626578   114.5636428185     23.008      1.421    -11.712    0.002 
 486574.00    30.4846563187   114.5636576094     22.966      1.412    -11.871   -0.044 
 486575.00    30.4845491530   114.5636714585     22.912      1.260    -11.845   -0.042 
 486576.00    30.4844422858   114.5636835054     22.869      1.110    -11.891   -0.007 
 486577.00    30.4843345722   114.5636946159     22.860      1.049    -11.966   -0.014 
 486578.00    30.4842266965   114.5637050202     22.843      0.989    -11.952   -0.022 
 486579.00    30.4841190167   114.5637163212     22.792      1.139    -11.965    0.015 
 486580.00    30.4840113672   114.5637290220     22.779      1.254    -11.945   -0.013 
 486581.00    30.4839036246   114.5637431636     22.756      1.434    -11.968    0.048 
 486582.00    30.4837959833   114.5637588692     22.747      1.503    -11.929    0.023 
 486583.00    30.4836900286   114.5637732743     22.765      1.333    -11.540    0.027 
 486584.00    30.4835878077   114.5637858051     22.774      1.121    -11.069   -0.060 
 486585.00    30.4834904404   114.5637967390     22.803      1.016    -10.467   -0.005 
 486586.00    30.4833986591   114.5638069301     22.801      0.948     -9.817   -0.006 
 486587.00    30.4833162546   114.5638161264     22.818      0.798     -8.408    0.007 
 486588.00    30.4832443589   114.5638243451     22.835      0.772     -7.691   -0.007 
 486589.00    30.4831776338   114.5638321492     22.844      0.747     -7.100    0.010 
 486590.00    30.4831169165   114.5638411896     22.858      0.851     -6.238    0.017 
 486591.00    30.4830683920   114.5638498258     22.869      0.749     -4.768   -0.009 
 486592.00    30.4830286820   114.5638582367     22.869      0.778     -4.204    0.013 
 486593.00    30.4829883046   114.5638711669     22.866      1.416     -4.693    0.082 
 486594.00    30.4829490155   114.5638938541     22.953      2.329     -4.230    0.087 
 486595.00    30.4829154337   114.5639308120     23.037      3.916     -3.688    0.052 
 486596.00    30.4828876047   114.5639836836     23.084      5.509     -3.025    0.046 
 486597.00    30.4828642831   114.5640486829     23.142      6.602     -2.362    0.048 
 486598.00    30.4828487836   114.5641246340     23.234      7.647     -1.530    0.109 
 486599.00    30.4828359880   114.5642087667     23.330      8.427     -1.435    0.072 
 486600.00    30.4828226869   114.5642998971     23.428      9.026     -1.536    0.130 
 486601.00    30.4828080720   114.5643961358     23.564      9.422     -1.700    0.142 
 486602.00    30.4827911995   114.5644924410     23.688      9.049     -1.992    0.136 
 486603.00    30.4827714685   114.5645845182     23.801      8.714     -2.284    0.112 
 486604.00    30.4827506898   114.5646742161     23.913      8.538     -2.276    0.154 
 486605.00    30.4827313764   114.5647646929     24.053      8.858     -2.109    0.119 
 486606.00    30.4827116856   114.5648563409     24.133      8.679     -2.192    0.033 
 486607.00    30.4826929589   114.5649441569     24.206      8.201     -2.054    0.101 
 486608.00    30.4826726381   114.5650272361     24.334      7.929     -2.395    0.154 
 486609.00    30.4826494467   114.5651090274     24.448      7.883     -2.600    0.107 
 486610.00    30.4826278736   114.5651923103     24.541      8.046     -2.186    0.072 
 486611.00    30.4826106041   114.5652779867     24.630      8.297     -1.811    0.093 
 486612.00    30.4825956455   114.5653653871     24.723      8.412     -1.555    0.084 
 486613.00    30.4825826718   114.5654516745     24.823      8.035     -1.414    0.123 
 486614.00    30.4825692609   114.5655320010     24.951      7.394     -1.537    0.128 
 486615.00    30.4825547681   114.5656048065     25.065      6.616     -1.616    0.104 
 486616.00    30.4825386029   114.5656693488     25.151      5.853     -1.862    0.087 
 486617.00    30.4825190328   114.5657243013     25.237      4.902     -2.301    0.099 
 486618.00    30.4824928860   114.5657692075     25.326      4.219     -3.093    0.069 
 486619.00    30.4824593977   114.5658071861     25.387      3.577     -3.945    0.055 
 486620.00    30.4824180776   114.5658367007     25.399      2.788     -4.905    0.030 
 486621.00    30.4823676918   114.5658578751     25.419      1.990     -6.004    0.051 
 486622.00    30.4823085623   114.5658751036     25.451      1.677     -7.018    0.004 
 486623.00    30.4822400215   114.5658892176     25.449      1.270     -8.085   -0.013 
 486624.00    30.4821623841   114.5658991666     25.439      0.959     -9.051    0.018 
 486625.00    30.4820768297   114.5659099718     25.415      1.113     -9.897    0.021 
 486626.00    30.4819840448   114.5659226727     25.401      1.315    -10.674   -0.107 
 486627.00    30.4818844977   114.5659381104     25.356      1.616    -11.391    0.008 
 486628.00    30.4817788482   114.5659566365     25.318      1.868    -12.050    0.002 
 486629.00    30.4816672425   114.5659765166     25.305      1.907    -12.693   -0.017 
 486630.00    30.4815497778   114.5659961643     25.274      1.877    -13.342   -0.018 
 486631.00    30.4814265728   114.5660148715     25.265      1.747    -13.958   -0.021 
 486632.00    30.4812980439   114.5660326610     25.304      1.748    -14.511    0.066 
 486633.00    30.4811649589   114.5660512529     25.363      1.806    -15.003    0.061 
 486634.00    30.4810275408   114.5660701646     25.453      1.828    -15.475    0.137 
 486635.00    30.4808859661   114.5660892525     25.532      1.858    -15.926    0.093 
 486636.00    30.4807424692   114.5661081456     25.587      1.782    -15.774    0.032 
 486637.00    30.4806019290   114.5661263489     25.670      1.734    -15.348   -0.000 
 486638.00    30.4804651728   114.5661445482     25.665      1.721    -14.963    0.040 
 486639.00    30.4803315257   114.5661623680     25.692      1.699    -14.715   -0.027 
 486640.00    30.4801994731   114.5661799631     25.685      1.702    -14.544   -0.082 
 486641.00    30.4800688155   114.5661975657     25.649      1.687    -14.415   -0.039 
 486642.00    30.4799394120   114.5662152102     25.599      1.696    -14.287   -0.080 
 486643.00    30.4798110902   114.5662334586     25.581      1.790    -14.182   -0.019 
 486644.00    30.4796836017   114.5662523857     25.530      1.802    -14.086   -0.052 
 486645.00    30.4795570866   114.5662706223     25.503      1.723    -13.899   -0.030 
 486646.00    30.4794334827   114.5662886949     25.529      1.746    -13.524    0.015 
 486647.00    30.4793133716   114.5663068781     25.529      1.741    -13.090    0.009 
 486648.00    30.4791977425   114.5663244875     25.510      1.623    -12.441   -0.041 
 486649.00    30.4790907436   114.5663399135     25.496      1.390    -11.434   -0.047 
 486650.00    30.4789918496   114.5663534627     25.540      1.214    -10.312    0.050 
 486651.00    30.4789060311   114.5663656026     25.515      1.089     -8.730   -0.033 
 486652.00    30.4788336997   114.5663764931     25.516      0.970     -7.445    0.006 
 486653.00    30.4787721074   114.5663864635     25.499      0.880     -6.075   -0.031 
 486654.00    30.4787251965   114.5663956682     25.471      0.771     -4.332    0.000 
 486655.00    30.4786907454   114.5664040190     25.477      0.721     -3.406    0.028 
 486656.00    30.4786643943   114.5664119777     25.493      0.658     -2.591    0.033 
 486657.00    30.4786412729   114.5664206092     25.510      0.795     -2.576    0.016 
 486658.00    30.4786204529   114.5664307588     25.538      0.882     -2.172   -0.013 
 486659.00    30.4786031439   114.5664427300     25.551      1.002     -1.807    0.004 
 486660.00    30.4785884431   114.5664557076     25.550      1.228     -1.740    0.002 
 486661.00    30.4785723542   114.5664699636     25.552      1.386     -1.965   -0.010 
 486662.00    30.4785512302   114.5664846751     25.548      1.427     -2.366   -0.016 
 486663.00    30.4785282313   114.5664971168     25.546      1.274     -2.661   -0.015 
 486664.00    30.4785021341   114.5665076934     25.564      1.115     -3.033   -0.002 
 486665.00    30.4784724913   114.5665181234     25.549      1.045     -3.338   -0.037 
 486666.00    30.4784478547   114.5665279886     25.512      0.681     -1.946   -0.026 
 486667.00    30.4784312148   114.5665361400     25.492      0.781     -1.904   -0.019 
 486668.00    30.4784142445   114.5665465902     25.457      0.970     -1.915   -0.049 
 486669.00    30.4783974820   114.5665603754     25.422      1.365     -2.060   -0.047 
 486670.00    30.4783795171   114.5665802095     25.374      2.027     -2.184   -0.049 
 486671.00    30.4783606043   114.5666110657     25.301      3.394     -2.325   -0.101 
 486672.00    30.4783428669   114.5666561766     25.210      4.743     -1.947   -0.106 
 486673.00    30.4783297327   114.5667147983     25.090      6.108     -1.421   -0.080 
 486674.00    30.4783201296   114.5667849165     24.966      7.128     -0.872   -0.170 
 486675.00    30.4783155623   114.5668639912     24.805      7.905     -0.354   -0.161 
 486676.00    30.4783148431   114.5669502692     24.650      8.601      0.029   -0.156 
 486677.00    30.4783159743   114.5670435164     24.502      9.260      0.156   -0.148 
 486678.00    30.4783172527   114.5671433327     24.338      9.881      0.123   -0.149 
 486679.00    30.4783179006   114.5672495398     24.155     10.538      0.018   -0.244 
 486680.00    30.4783171409   114.5673623818     23.953     11.030     -0.137   -0.188 
 486681.00    30.4783153439   114.5674763238     23.769     10.846     -0.236   -0.179 
 486682.00    30.4783133872   114.5675877919     23.575     10.525     -0.182   -0.207 
 486683.00    30.4783125629   114.5676952384     23.405     10.155     -0.008   -0.180 
 486684.00    30.4783131788   114.5677999536     23.234      9.935      0.103   -0.202 
 486685.00    30.4783144854   114.5679021771     23.064      9.697      0.172   -0.162 
 486686.00    30.4783174152   114.5680022035     22.884      9.532      0.432   -0.170 
 486687.00    30.4783227781   114.5681016053     22.714      9.526      0.694   -0.175 
 486688.00    30.4783301094   114.5682024744     22.558      9.865      0.857   -0.166 
 486689.00    30.4783368990   114.5683080249     22.391     10.432      0.643   -0.150 
 486690.00    30.4783411868   114.5684192900     22.226     10.991      0.361   -0.138 
 486691.00    30.4783428646   114.5685368124     22.038     11.562      0.104   -0.224 
 486692.00    30.4783428529   114.5686576951     21.838     11.637     -0.075   -0.184 
 486693.00    30.4783421857   114.5687814960     21.647     12.115     -0.080   -0.231 
 486694.00    30.4783411997   114.5689092750     21.423     12.521     -0.149   -0.225 
 486695.00    30.4783400268   114.5690416878     21.193     12.776     -0.114   -0.150 
 486696.00    30.4783394388   114.5691752070     20.979     12.860     -0.040   -0.213 
 486697.00    30.4783394378   114.5693109413     20.668     13.230      0.021   -0.441 
 486698.00    30.4783399189   114.5694500177     20.498     13.377      0.116   -0.284 
 486699.00    30.4783404449   114.5695885239     20.260     13.287      0.040   -0.256 
 486700.00    30.4783400190   114.5697271080     20.032     13.378     -0.107   -0.233 
 486701.00    30.4783384621   114.5698672927     19.807     13.580     -0.221   -0.230 
 486702.00    30.4783359004   114.5700098757     19.573     13.843     -0.298   -0.257 
 486703.00    30.4783339239   114.5701561272     19.323     14.266     -0.148   -0.254 
 486704.00    30.4783336460   114.5703076219     19.057     14.785      0.021   -0.235 
 486705.00    30.4783343120   114.5704641472     18.799     15.205      0.119   -0.299 
 486706.00    30.4783352625   114.5706233423     18.530     15.454      0.093   -0.237 
 486707.00    30.4783358494   114.5707856744     18.283     15.722      0.038   -0.275 
 486708.00    30.4783356828   114.5709494495     18.059     15.804     -0.037   -0.217 
 486709.00    30.4783349543   114.5711147333     17.894     15.982     -0.115   -0.102 
 486710.00    30.4783337562   114.5712820884     17.798     16.156     -0.154   -0.069 
 486711.00    30.4783323606   114.5714510027     17.724     16.301     -0.128   -0.065 
 486712.00    30.4783317107   114.5716214920     17.652     16.455     -0.037   -0.074 
 486713.00    30.4783317813   114.5717938557     17.593     16.637      0.014   -0.047 
 486714.00    30.4783319171   114.5719678135     17.523     16.771      0.035   -0.097 
 486715.00    30.4783322110   114.5721429657     17.445     16.895      0.048   -0.072 
 486716.00    30.4783327033   114.5723196611     17.333     16.967      0.019   -0.074 
 486717.00    30.4783318187   114.5724962339     17.242     17.020     -0.158   -0.110 
 486718.00    30.4783302290   114.5726746180     17.151     17.216     -0.157   -0.109 
 486719.00    30.4783289579   114.5728531607     17.084     17.031     -0.114   -0.096 
 486720.00    30.4783280485   114.5730297145     16.999     16.854     -0.071   -0.083 
 486721.00    30.4783279512   114.5732036077     16.903     16.542      0.070   -0.047 
 486722.00    30.4783283139   114.5733743045     16.839     16.271      0.065   -0.079 
 486723.00    30.4783292450   114.5735428556     16.758     16.107      0.137   -0.091 
 486724.00    30.4783304045   114.5737097676     16.686     15.970      0.049   -0.043 
 486725.00    30.4783300613   114.5738751178     16.636     15.829     -0.140   -0.026 
 486726.00    30.4783277027   114.5740394230     16.569     15.759     -0.298   -0.059 
 486727.00    30.4783246218   114.5742034329     16.470     15.748     -0.334   -0.114 
 486728.00    30.4783217063   114.5743675841     16.360     15.774     -0.300   -0.048 
 486729.00    30.4783192305   114.5745318732     16.351     15.754     -0.214   -0.038 
 486730.00    30.4783175613   114.5746963674     16.268     15.802     -0.148   -0.051 
 486731.00    30.4783168318   114.5748614160     16.187     15.858     -0.052   -0.057 
 486732.00    30.4783162518   114.5750271854     16.119     15.939     -0.078   -0.050 
 486733.00    30.4783151913   114.5751936285     16.079     16.024     -0.151   -0.003 
 486734.00    30.4783139180   114.5753608174     16.118     16.084     -0.127    0.041 
 486735.00    30.4783127416   114.5755287065     16.185     16.152     -0.111    0.090 
 486736.00    30.4783119104   114.5756971271     16.280     16.191     -0.066    0.139 
 486737.00    30.4783118697   114.5758664504     16.418     16.305      0.031    0.162 
 486738.00    30.4783124342   114.5760373059     16.510     16.522      0.046    0.090 
 486739.00    30.4783129138   114.5762107288     16.598     16.778      0.043    0.120 
 486740.00    30.4783134336   114.5763869558     16.709     17.058      0.061    0.070 
 486741.00    30.4783134372   114.5765659679     16.806     17.338     -0.077    0.100 
 486742.00    30.4783117722   114.5767477548     16.921     17.601     -0.245    0.102 
 486743.00    30.4783094177   114.5769324695     17.016     17.867     -0.266    0.126 
 486744.00    30.4783071684   114.5771196945     17.119     17.967     -0.252    0.153 
 486745.00    30.4783050358   114.5773064985     17.225     17.997     -0.232    0.101 
 486746.00    30.4783030731   114.5774945347     17.314     18.041     -0.205    0.144 
 486747.00    30.4783015607   114.5776825376     17.402     18.074     -0.124   -0.114 
 486748.00    30.4783001835   114.5778690212     17.514     17.867     -0.159    0.168 
 486749.00    30.4782991036   114.5780552929     17.614     17.914     -0.036   -0.067 
 486750.00    30.4782989710   114.5782418369     17.740     17.917      0.013    0.152 
 486751.00    30.4782992268   114.5784271990     17.870     17.602      0.024    0.144 
 486752.00    30.4782993043   114.5786081965     17.968     17.162     -0.015    0.078 
 486753.00    30.4782986573   114.5787845545     18.073     16.699     -0.109    0.133 
 486754.00    30.4782971364   114.5789563350     18.192     16.276     -0.172    0.110 
 486755.00    30.4782952965   114.5791238093     18.277     15.888     -0.153    0.075 
 486756.00    30.4782952478   114.5792880217     18.379     15.605      0.025    0.099 
 486757.00    30.4782948404   114.5794483480     18.479     15.181     -0.032    0.071 
 486758.00    30.4782951735   114.5796019528     18.555     14.359      0.033    0.145 
 486759.00    30.4782956606   114.5797460833     18.650     13.140      0.035    0.089 
 486760.00    30.4782953499   114.5798735331     18.718     11.269     -0.047    0.102 
 486761.00    30.4782954967   114.5799766325     18.766      8.330      0.039    0.062 
 486762.00    30.4782962598   114.5800448210     18.809      4.679      0.074    0.013 
 486763.00    30.4782967790   114.5800754696     18.827      1.778      0.034    0.020 
 486764.00    30.4782969513   114.5800851232     18.832      0.096     -0.005    0.020 
 486765.00    30.4782969476   114.5800849466     18.840      0.006      0.014   -0.025 
 486766.00    30.4782969483   114.5800849409     18.840     -0.002     -0.009    0.013 
 486767.00    30.4782969510   114.5800849393     18.840     -0.004     -0.003    0.004 
 486768.00    30.4782969538   114.5800849374     18.839      0.001      0.011   -0.029 
 486769.00    30.4782969589   114.5800849344     18.837      0.001     -0.004    0.016 
 486770.00    30.4782969633   114.5800849329     18.836      0.005     -0.012    0.030 
 486771.00    30.4782969658   114.5800849288     18.836      0.002     -0.011    0.028 
 486772.00    30.4782969630   114.5800849277     18.836     -0.002     -0.006    0.011 
 486773.00    30.4782969542   114.5800849307     18.837     -0.003      0.001   -0.006 
 486774.00    30.4782969517   114.5800849346     18.839     -0.001      0.002   -0.005 
 486775.00    30.4782969520   114.5800849394     18.840     -0.003     -0.003    0.000 
 486776.00    30.4782969485   114.5800849443     18.841     -0.001      0.002   -0.003 
 486777.00    30.4782969510   114.5800849467     18.842      0.003      0.000   -0.001 
 486778.00    30.4782969495   114.5800849502     18.842      0.002      0.001   -0.002 
 486779.00    30.4782969472   114.5800849602     18.843     -0.003     -0.006    0.011 
 486780.00    30.4782969456   114.5800849633     18.842     -0.001      0.007   -0.019 
 486781.00    30.4782969454   114.5800849628     18.841      0.001      0.017   -0.035 
 486782.00    30.4782969462   114.5800849612     18.841     -0.003      0.015   -0.036 
 486783.00    30.4782969459   114.5800849607     18.841     -0.002      0.015   -0.035 
 486784.00    30.4782969438   114.5800849589     18.841     -0.001      0.011   -0.026 
 486785.00    30.4782969398   114.5800849547     18.841     -0.002      0.006   -0.010 
 486786.00    30.4782969411   114.5800849466     18.841      0.001      0.006   -0.012 
 486787.00    30.4782969379   114.5800849439     18.841      0.005      0.009   -0.014 
 486788.00    30.4782969393   114.5800849471     18.841      0.006      0.013   -0.024 
 486789.00    30.4782969434   114.5800849517     18.841      0.002      0.015   -0.031 
 486790.00    30.4782969499   114.5800849559     18.841     -0.002      0.018   -0.036 
 486791.00    30.4782969544   114.5800849542     18.840     -0.000      0.017   -0.038 
 486792.00    30.4782969577   114.5800849486     18.839     -0.003      0.005   -0.014 
 486793.00    30.4782969649   114.5800849398     18.838     -0.002     -0.008    0.012 
 486794.00    30.4782969693   114.5800849372     18.836     -0.001     -0.012    0.022 
 486795.00    30.4782969676   114.5800849432     18.835      0.007     -0.007    0.015 
 486796.00    30.4782969610   114.5800849521     18.834      0.006      0.004   -0.004 
 486797.00    30.4782969559   114.5800849605     18.833      0.010     -0.013    0.027 
 486798.00    30.4782969536   114.5800849610     18.833      0.001      0.012   -0.021 
 486799.00    30.4782969568   114.5800849606     18.832      0.001     -0.007    0.019 
 486800.00    30.4782969584   114.5800849588     18.832      0.000      0.016   -0.033 
 486801.00    30.4782969597   114.5800849586     18.831     -0.004     -0.008    0.011 
 486802.00    30.4782969632   114.5800849550     18.831      0.001      0.019   -0.039 
 486803.00    30.4782969703   114.5800849503     18.831     -0.010     -0.008    0.011 
 486804.00    30.4782969763   114.5800849477     18.831      0.001      0.012   -0.021 
 486805.00    30.4782969747   114.5800849480     18.832     -0.004     -0.014    0.027 
 486806.00    30.4782969693   114.5800849512     18.832      0.007      0.007   -0.013 
 486807.00    30.4782969651   114.5800849522     18.833      0.002     -0.008    0.017 
 486808.00    30.4782969617   114.5800849548     18.833     -0.002     -0.013    0.029 
 486809.00    30.4782969577   114.5800849551     18.834      0.004      0.002   -0.002 
 486810.00    30.4782969540   114.5800849538     18.833     -0.001     -0.005    0.008 
 486811.00    30.4782969507   114.5800849523     18.833      0.003      0.013   -0.029 
 486812.00    30.4782969473   114.5800849547     18.831     -0.002     -0.007    0.009 
 486813.00    30.4782969483   114.5800849544     18.830      0.001      0.016   -0.028 
 486814.00    30.4782969522   114.5800849566     18.829      0.003     -0.007    0.013 
 486815.00    30.4782969608   114.5800849569     18.829      0.001      0.012   -0.022 
 486816.00    30.4782969642   114.5800849561     18.830      0.005     -0.015    0.035 
 486817.00    30.4782969640   114.5800849523     18.831      0.003      0.008   -0.016 
 486818.00    30.4782969569   114.5800849540     18.832     -0.001     -0.012    0.025 
 486819.00    30.4782969568   114.5800852306     18.833      0.123      0.008   -0.005 
 486820.00    30.4782971269   114.5800924238     18.842      1.478      0.042    0.012 
 486821.00    30.4782978922   114.5801173930     18.853      3.349      0.119    0.021 
 486822.00    30.4782992612   114.5801620022     18.860      5.187      0.167   -0.012 
 486823.00    30.4783007946   114.5802239725     18.876      6.691      0.179    0.057 
 486824.00    30.4783017456   114.5803001431     18.897      7.962      0.056   -0.008 
 486825.00    30.4783007775   114.5803885844     18.908      9.000     -0.175    0.009 
 486826.00    30.4782986589   114.5804870953     18.896      9.921     -0.213    0.027 
 486827.00    30.4782967159   114.5805955455     18.869     10.864     -0.214   -0.039 
 486828.00    30.4782949117   114.5807120377     18.828     11.258     -0.162   -0.012 
 486829.00    30.4782937979   114.5808284307     18.776     11.119     -0.102    0.033 
 486830.00    30.4782932705   114.5809448424     18.765     11.298     -0.003   -0.069 
 486831.00    30.4782927044   114.5810643907     18.704     11.644     -0.080   -0.041 
 486832.00    30.4782919340   114.5811878059     18.643     12.073     -0.083   -0.085 
 486833.00    30.4782910251   114.5813153753     18.600     12.437     -0.090   -0.056 
 486834.00    30.4782909725   114.5814470834     18.563     12.828      0.054   -0.008 
 486835.00    30.4782916970   114.5815825885     18.520     13.150      0.090   -0.056 
 486836.00    30.4782924028   114.5817207553     18.501     13.399      0.063   -0.008 
 486837.00    30.4782922940   114.5818618886     18.453     13.725     -0.090   -0.031 
 486838.00    30.4782908647   114.5820064903     18.399     14.012     -0.173   -0.092 
 486839.00    30.4782890191   114.5821519719     18.335     13.953     -0.214   -0.030 
 486840.00    30.4782877814   114.5822982900     18.279     14.157     -0.106   -0.010 
 486841.00    30.4782870018   114.5824472221     18.227     14.442     -0.105   -0.049 
 486842.00    30.4782859758   114.5825989490     18.168     14.695     -0.096   -0.084 
 486843.00    30.4782851919   114.5827523280     18.092     14.746     -0.055   -0.092 
 486844.00    30.4782847562   114.5829066771     18.053     14.872     -0.029   -0.057 
 486845.00    30.4782841136   114.5830606475     17.964     14.747     -0.082   -0.215 
 486846.00    30.4782828141   114.5832147870     17.722     14.908     -0.132   -0.244 
 486847.00    30.4782818139   114.5833715515     17.502     15.210     -0.126   -0.180 
 486848.00    30.4782804279   114.5835316320     17.294     15.548     -0.191   -0.209 
 486849.00    30.4782790274   114.5836953371     17.073     15.891     -0.084   -0.226 
 486850.00    30.4782787990   114.5838628131     16.847     16.254      0.011   -0.293 
 486851.00    30.4782790486   114.5840341409     16.608     16.656      0.054   -0.266 
 486852.00    30.4782793547   114.5842092885     16.382     16.975      0.008   -0.214 
 486853.00    30.4782791499   114.5843879143     16.123     17.323     -0.050   -0.266 
 486854.00    30.4782781950   114.5845697892     15.870     17.606     -0.147   -0.253 
 486855.00    30.4782763947   114.5847544170     15.593     17.873     -0.239   -0.317 
 486856.00    30.4782741052   114.5849417522     15.324     18.085     -0.257   -0.236 
 486857.00    30.4782722314   114.5851305303     15.093     18.078     -0.162   -0.238 
 486858.00    30.4782715439   114.5853174097     14.848     17.830     -0.016   -0.206 
 486859.00    30.4782713424   114.5855027720     14.607     17.820     -0.022   -0.370 
 486860.00    30.4782705554   114.5856884129     14.379     17.835     -0.090   -0.134 
 486861.00    30.4782698710   114.5858733701     14.295     17.662     -0.067   -0.053 
 486862.00    30.4782693478   114.5860563788     14.264     17.489     -0.051    0.029 
 486863.00    30.4782690660   114.5862379174     14.349     17.382     -0.028    0.133 
 486864.00    30.4782688748   114.5864178605     14.498     17.185     -0.032    0.163 
 486865.00    30.4782685646   114.5865961412     14.612     17.039     -0.016    0.117 
 486866.00    30.4782681432   114.5867729111     14.763     16.882     -0.064    0.159 
 486867.00    30.4782671208   114.5869477624     14.931     16.715     -0.178    0.229 
 486868.00    30.4782645723   114.5871208254     15.074     16.561     -0.331    0.130 
 486869.00    30.4782623814   114.5872928032     15.220     16.460     -0.162    0.168 
 486870.00    30.4782617819   114.5874634780     15.363     16.247      0.010    0.102 
 486871.00    30.4782619471   114.5876304527     15.523     15.866      0.030    0.148 
 486872.00    30.4782623527   114.5877934025     15.672     15.477      0.039    0.173 
 486873.00    30.4782622464   114.5879529308     15.820     15.170     -0.085    0.202 
 486874.00    30.4782607794   114.5881096624     15.942     14.936     -0.218    0.118 
 486875.00    30.4782590825   114.5882649927     16.083     14.891     -0.154    0.155 
 486876.00    30.4782582044   114.5884188162     16.231     14.573     -0.059    0.144 
 486877.00    30.4782580140   114.5885697654     16.385     14.488      0.004    0.153 
 486878.00    30.4782582630   114.5887207403     16.549     14.446      0.044    0.170 
 486879.00    30.4782587555   114.5888707531     16.663     14.379      0.032    0.100 
 486880.00    30.4782586368   114.5890199385     16.756     14.267     -0.079    0.134 
 486881.00    30.4782575827   114.5891676242     16.870     14.126     -0.184    0.125 
 486882.00    30.4782554609   114.5893137155     17.017     13.916     -0.282    0.190 
 486883.00    30.4782524984   114.5894569109     17.132     13.652     -0.343    0.070 
 486884.00    30.4782502106   114.5895980738     17.263     13.441     -0.161    0.107 
 486885.00    30.4782492952   114.5897362872     17.375     13.074     -0.077    0.099 
 486886.00    30.4782489671   114.5898701818     17.500     12.639     -0.001    0.115 
 486887.00    30.4782493052   114.5899994882     17.621     12.184      0.075    0.089 
 486888.00    30.4782499805   114.5901249457     17.728     12.035      0.066    0.148 
 486889.00    30.4782504681   114.5902515744     17.850     12.287      0.050    0.105 
 486890.00    30.4782505398   114.5903791819     17.971     12.166     -0.018    0.138 
 486891.00    30.4782501332   114.5905062625     18.096     12.330     -0.025    0.039 
 486892.00    30.4782493986   114.5906361621     18.205     12.594     -0.105    0.159 
 486893.00    30.4782484321   114.5907680456     18.319     12.746     -0.098    0.096 
 486894.00    30.4782475566   114.5908999727     18.426     12.493     -0.090    0.103 
 486895.00    30.4782468360   114.5910274079     18.538     11.805     -0.069    0.142 
 486896.00    30.4782462466   114.5911420990     18.660     10.153     -0.052    0.107 
 486897.00    30.4782459494   114.5912336630     18.751      7.111     -0.020    0.086 
 486898.00    30.4782458924   114.5912874008     18.808      3.108      0.000    0.037 
 486899.00    30.4782458937   114.5913018436     18.826     -0.171     -0.019    0.030 
 486900.00    30.4782458746   114.5913015115     18.841      0.000     -0.011    0.027 
 486901.00    30.4782458695   114.5913014950     18.842      0.001     -0.007    0.014 
 486902.00    30.4782458681   114.5913014982     18.841     -0.001     -0.012    0.025 
 486903.00    30.4782458698   114.5913015004     18.840     -0.001     -0.002    0.004 
 486904.00    30.4782458709   114.5913015062     18.839      0.001      0.013   -0.028 
 486905.00    30.4782458695   114.5913015092     18.839      0.002      0.007   -0.007 
 486906.00    30.4782458714   114.5913015052     18.838      0.004     -0.005    0.013 
 486907.00    30.4782458804   114.5913014973     18.836     -0.007     -0.005    0.009 
 486908.00    30.4782458775   114.5913014889     18.835      0.002      0.004   -0.005 
 486909.00    30.4782458799   114.5913014834     18.835     -0.001      0.004   -0.008 
 486910.00    30.4782458799   114.5913014790     18.834     -0.007     -0.001   -0.000 
 486911.00    30.4782458799   114.5913014780     18.834     -0.001     -0.006    0.006 
 486912.00    30.4782458837   114.5913014844     18.833      0.001     -0.001   -0.002 
 486913.00    30.4782458838   114.5913014919     18.832      0.002      0.002   -0.005 
 486914.00    30.4782458792   114.5913014930     18.831      0.002      0.003   -0.005 
 486915.00    30.4782458754   114.5913014917     18.831      0.002      0.003   -0.003 
 486916.00    30.4782458736   114.5913014912     18.830      0.004      0.001    0.000 
 486917.00    30.4782458739   114.5913014916     18.830      0.001     -0.005    0.012 
 486918.00    30.4782458750   114.5913014938     18.830     -0.001     -0.003    0.007 
 486919.00    30.4782458759   114.5913014987     18.830     -0.005     -0.007    0.012 
 486920.00    30.4782458810   114.5913015027     18.831     -0.003     -0.002    0.004 
 486921.00    30.4782458848   114.5913015074     18.832      0.001     -0.001    0.001 
 486922.00    30.4782458870   114.5913015045     18.832     -0.005      0.003   -0.009 
 486923.00    30.4782458874   114.5913014976     18.832      0.002      0.008   -0.016 
 486924.00    30.4782458883   114.5913014958     18.831      0.005      0.006   -0.009 
 486925.00    30.4782458867   114.5913014978     18.830      0.003     -0.001    0.002 
 486926.00    30.4782458910   114.5913015055     18.828      0.001     -0.006    0.016 
 486927.00    30.4782458931   114.5913015090     18.827     -0.005     -0.009    0.016 
 486928.00    30.4782458921   114.5913015071     18.827      0.001     -0.002    0.003 
 486929.00    30.4782458932   114.5913015024     18.827      0.004      0.000   -0.000 
 486930.00    30.4782458924   114.5913014996     18.828      0.000      0.004   -0.010 
 486931.00    30.4782458857   114.5913015013     18.829     -0.000      0.008   -0.014 
 486932.00    30.4782458810   114.5913015083     18.830     -0.003      0.003   -0.008 
 486933.00    30.4782458787   114.5913015113     18.830     -0.001     -0.005    0.010 
 486934.00    30.4782458807   114.5913015127     18.830      0.006     -0.005    0.013 
 486935.00    30.4782458818   114.5913015128     18.831      0.000     -0.009    0.019 
 486936.00    30.4782458797   114.5913015124     18.832      0.005     -0.004    0.010 
 486937.00    30.4782458783   114.5913015131     18.832     -0.002      0.005   -0.009 
 486938.00    30.4782458770   114.5913015124     18.832     -0.002      0.008   -0.016 
 486939.00    30.4782458773   114.5913015100     18.831     -0.002      0.004   -0.008 
 486940.00    30.4782458791   114.5913015057     18.831     -0.001      0.010   -0.016 
 486941.00    30.4782458843   114.5913015042     18.830      0.005      0.000    0.002 
 486942.00    30.4782458886   114.5913015039     18.830      0.001     -0.006    0.018 
 486943.00    30.4782458910   114.5913015034     18.830     -0.001     -0.010    0.017 
 486944.00    30.4782458869   114.5913015063     18.830     -0.002     -0.009    0.015 
 486945.00    30.4782458850   114.5913015023     18.829      0.001      0.001   -0.000 
 486946.00    30.4782458799   114.5913014946     18.829     -0.001      0.007   -0.016 
 486947.00    30.4782458718   114.5913014840     18.829     -0.004      0.010   -0.018 
 486948.00    30.4782458628   114.5913014813     18.830     -0.001      0.005   -0.014 
 486949.00    30.4782458552   114.5913014843     18.832      0.003     -0.011    0.024 
 486950.00    30.4782458515   114.5913014890     18.833     -0.004     -0.008    0.015 
 486951.00    30.4782458498   114.5913014881     18.834     -0.005     -0.003    0.003 
 486952.00    30.4782458546   114.5913014819     18.835     -0.001      0.002   -0.002 
 486953.00    30.4782458610   114.5913014765     18.835      0.002      0.003   -0.008 
 486954.00    30.4782458631   114.5913014717     18.835      0.000      0.005   -0.006 
 486955.00    30.4782458632   114.5913014679     18.835      0.002      0.004   -0.004 
 486956.00    30.4782458633   114.5913014699     18.836      0.002      0.000    0.003 
 486957.00    30.4782458614   114.5913014767     18.836      0.003      0.000    0.000 
 486958.00    30.4782458595   114.5913014838     18.835      0.003     -0.004    0.006 
 486959.00    30.4782458597   114.5913014848     18.834     -0.002     -0.006    0.011 
 486960.00    30.4782458608   114.5913014888     18.833     -0.003     -0.006    0.007 
 486961.00    30.4782458630   114.5913014924     18.832      0.001     -0.003    0.004 
 486962.00    30.4782458655   114.5913014912     18.831      0.000     -0.001   -0.002 
 486963.00    30.4782458732   114.5913014833     18.832      0.002      0.006   -0.007 
 486964.00    30.4782458679   114.5913014816     18.832      0.008      0.004   -0.010 
 486965.00    30.4782458579   114.5913014877     18.832     -0.014      0.003    0.002 
 486966.00    30.4782458503   114.5913022142     18.835      0.445      0.006   -0.014 
 486967.00    30.4782458451   114.5913146391     18.857      2.048      0.000    0.018 
 486968.00    30.4782457269   114.5913452650     18.898      3.810     -0.023    0.073 
 486969.00    30.4782452649   114.5913932513     18.963      5.352     -0.062    0.040 
 486970.00    30.4782441325   114.5914557366     19.053      6.624     -0.181    0.149 
 486971.00    30.4782422491   114.5915289665     19.169      7.413     -0.216    0.069 
 486972.00    30.4782404752   114.5916113991     19.145      8.399     -0.171   -0.051 
 486973.00    30.4782396935   114.5917043568     19.047      9.447     -0.005   -0.107 
 486974.00    30.4782398129   114.5918085982     18.965     10.600     -0.001   -0.047 
 486975.00    30.4782398602   114.5919237014     18.893     11.544      0.001   -0.030 
 486976.00    30.4782397845   114.5920488584     18.821     12.450     -0.031   -0.046 
 486977.00    30.4782389902   114.5921826244     18.804     13.218     -0.092   -0.046 
 486978.00    30.4782378321   114.5923236953     18.685     13.693     -0.110   -0.107 
 486979.00    30.4782366653   114.5924660851     18.620     13.746     -0.130   -0.012 
 486980.00    30.4782358158   114.5926110306     18.577     14.134     -0.085   -0.072 
 486981.00    30.4782348810   114.5927603887     18.508     14.557     -0.113   -0.060 
 486982.00    30.4782342630   114.5929143008     18.458     14.976     -0.028   -0.029 
 486983.00    30.4782344723   114.5930724431     18.387     15.322      0.059   -0.049 
 486984.00    30.4782352151   114.5932315675     18.326     15.277      0.041   -0.068 
 486985.00    30.4782349737   114.5933911254     18.253     15.388     -0.077   -0.057 
 486986.00    30.4782337522   114.5935516608     18.182     15.443     -0.157   -0.053 
 486987.00    30.4782324721   114.5937129755     18.114     15.529     -0.148   -0.048 
 486988.00    30.4782312861   114.5938745758     18.048     15.499     -0.096    0.002 
 486989.00    30.4782314056   114.5940357237     17.989     15.447      0.090   -0.034 
 486990.00    30.4782333756   114.5941967594     17.929     15.471      0.309   -0.051 
 486991.00    30.4782359141   114.5943578061     17.854     15.421      0.208   -0.053 
 486992.00    30.4782367548   114.5945181759     17.796     15.419     -0.009   -0.056 
 486993.00    30.4782352411   114.5946788468     17.728     15.456     -0.276   -0.046 
 486994.00    30.4782317211   114.5948402898     17.659     15.538     -0.472   -0.039 
 486995.00    30.4782273580   114.5950024140     17.594     15.634     -0.474   -0.074 
 486996.00    30.4782236299   114.5951658811     17.508     15.719     -0.308   -0.028 
 486997.00    30.4782222125   114.5953299341     17.456     15.797     -0.068   -0.110 
 486998.00    30.4782222954   114.5954952768     17.396     15.962      0.059   -0.064 
 486999.00    30.4782233459   114.5956623250     17.325     16.120      0.146   -0.072 
 487000.00    30.4782243028   114.5958312619     17.255     16.327      0.049   -0.075 
 487001.00    30.4782238794   114.5960023403     17.165     16.539     -0.069   -0.130 
 487002.00    30.4782228921   114.5961753932     17.084     16.654     -0.116   -0.106 
 487003.00    30.4782216453   114.5963469707     17.017     16.282     -0.142   -0.050 
 487004.00    30.4782202320   114.5965146444     16.942     15.913     -0.173   -0.050 
 487005.00    30.4782186857   114.5966784647     16.884     15.548     -0.179   -0.064 
 487006.00    30.4782170955   114.5968383697     16.848     15.169     -0.172   -0.008 
 487007.00    30.4782160151   114.5969942708     16.815     14.772     -0.054   -0.174 
 487008.00    30.4782164816   114.5971466409     16.664     14.459      0.176   -0.062 
 487009.00    30.4782198302   114.5972953990     16.631     14.073      0.511   -0.062 
 487010.00    30.4782255860   114.5974403645     16.584     13.744      0.686   -0.026 
 487011.00    30.4782315464   114.5975840766     16.541     13.895      0.583   -0.030 
 487012.00    30.4782354216   114.5977301985     16.489     14.223      0.325   -0.077 
 487013.00    30.4782368315   114.5978802293     16.437     14.618      0.051   -0.051 
 487014.00    30.4782369961   114.5980344970     16.368     15.007      0.054   -0.089 
 487015.00    30.4782377200   114.5981932099     16.297     15.461      0.101   -0.070 
 487016.00    30.4782387237   114.5983564494     16.229     15.872      0.125   -0.081 
 487017.00    30.4782398696   114.5985239414     16.163     16.214      0.128   -0.077 
 487018.00    30.4782406452   114.5986916386     16.091     15.950      0.042   -0.106 
 487019.00    30.4782397202   114.5988556676     16.030     15.574     -0.195   -0.069 
 487020.00    30.4782381737   114.5990161400     15.957     15.277     -0.141   -0.083 
 487021.00    30.4782369967   114.5991735933     15.891     14.949     -0.127   -0.020 
 487022.00    30.4782360823   114.5993283357     15.828     14.759     -0.089   -0.072 
 487023.00    30.4782354541   114.5994803801     15.764     14.430     -0.056   -0.058 
 487024.00    30.4782351062   114.5996288087     15.690     14.056     -0.022   -0.074 
 487025.00    30.4782350502   114.5997733038     15.631     13.675      0.008   -0.049 
 487026.00    30.4782352743   114.5999125616     15.573     12.990      0.031   -0.076 
 487027.00    30.4782354430   114.6000425739     15.513     11.966      0.011   -0.060 
 487028.00    30.4782354190   114.6001615000     15.468     10.924     -0.044    0.032 
 487029.00    30.4782352004   114.6002731217     15.420     10.517     -0.041   -0.069 
 487030.00    30.4782343005   114.6003791252     15.382      9.734     -0.133   -0.055 
 487031.00    30.4782326569   114.6004748852     15.331      8.731     -0.221   -0.020 
 487032.00    30.4782302236   114.6005620297     15.286      8.108     -0.309   -0.025 
 487033.00    30.4782270747   114.6006442917     15.212      7.710     -0.345   -0.099 
 487034.00    30.4782246007   114.6007221103     15.184      7.224     -0.193    0.006 
 487035.00    30.4782248017   114.6007947474     15.165      6.656      0.173   -0.032 
 487036.00    30.4782298937   114.6008612080     15.151      5.914      0.849   -0.002 
 487037.00    30.4782427606   114.6009192722     15.184      5.027      1.617    0.049 
 487038.00    30.4782612223   114.6009693149     15.190      4.706      2.304   -0.053 
 487039.00    30.4782877831   114.6010194611     15.157      4.738      3.319   -0.033 
 487040.00    30.4783226553   114.6010677045     15.132      4.455      4.208   -0.033 
 487041.00    30.4783669494   114.6011131150     15.055      4.240      5.425   -0.085 
 487042.00    30.4784222730   114.6011552675     14.936      3.711      6.672   -0.101 
 487043.00    30.4784883950   114.6011894111     14.828      2.731      7.835   -0.148 
 487044.00    30.4785611152   114.6012099811     14.693      1.212      8.056   -0.133 
 487045.00    30.4786333793   114.6012150051     14.574     -0.143      7.985   -0.122 
 487046.00    30.4787060763   114.6012103491     14.472     -0.616      8.236   -0.088 
 487047.00    30.4787836963   114.6012037530     14.370     -0.627      9.014   -0.107 
 487048.00    30.4788693218   114.6011976394     14.263     -0.559      9.982   -0.117 
 487049.00    30.4789636156   114.6011932390     14.137     -0.230     10.899   -0.104 
 487050.00    30.4790660399   114.6011915375     14.017     -0.207     11.794   -0.142 
 487051.00    30.4791761534   114.6011888977     13.878     -0.325     12.634   -0.154 
 487052.00    30.4792936482   114.6011847682     13.708     -0.453     13.423   -0.180 
 487053.00    30.4794182861   114.6011799138     13.540     -0.426     14.196   -0.161 
 487054.00    30.4795496819   114.6011760777     13.378     -0.304     14.933   -0.163 
 487055.00    30.4796876242   114.6011727962     13.202     -0.330     15.661   -0.212 
 487056.00    30.4798319571   114.6011694474     13.024     -0.302     16.356   -0.187 
 487057.00    30.4799824166   114.6011662117     12.873     -0.313     17.008   -0.157 
 487058.00    30.4801385732   114.6011629364     12.766     -0.326     17.606   -0.094 
 487059.00    30.4802993180   114.6011594052     12.690     -0.347     17.821   -0.044 
 487060.00    30.4804591287   114.6011554560     12.615     -0.431     17.625   -0.083 
 487061.00    30.4806168545   114.6011512557     12.539     -0.332     17.329   -0.049 
 487062.00    30.4807724486   114.6011479388     12.475     -0.317     17.153   -0.107 
 487063.00    30.4809261084   114.6011444091     12.416     -0.395     16.989   -0.088 
 487064.00    30.4810794650   114.6011395936     12.365     -0.507     17.037   -0.056 
 487065.00    30.4812330678   114.6011345965     12.329     -0.436     16.988   -0.048 
 487066.00    30.4813851900   114.6011302116     12.262     -0.403     16.721   -0.076 
 487067.00    30.4815343094   114.6011260032     12.204     -0.384     16.345   -0.054 
 487068.00    30.4816801741   114.6011219710     12.129     -0.368     15.983   -0.025 
 487069.00    30.4818227438   114.6011182332     12.099     -0.366     15.617   -0.043 
 487070.00    30.4819619486   114.6011146423     12.077     -0.341     15.249    0.044 
 487071.00    30.4820985481   114.6011108702     12.065     -0.373     15.004   -0.112 
 487072.00    30.4822323345   114.6011068155     11.963     -0.381     14.669   -0.068 
 487073.00    30.4823631599   114.6011028126     11.905     -0.381     14.347   -0.056 
 487074.00    30.4824908353   114.6010988419     11.885     -0.378     13.980   -0.022 
 487075.00    30.4826152542   114.6010948787     11.876     -0.392     13.606    0.011 
 487076.00    30.4827362929   114.6010908709     11.881     -0.395     13.224    0.010 
 487077.00    30.4828538564   114.6010869247     11.932     -0.364     12.863    0.093 
 487078.00    30.4829690251   114.6010829574     12.012     -0.417     12.605    0.097 
 487079.00    30.4830813842   114.6010773758     12.098     -0.705     12.331    0.086 
 487080.00    30.4831919205   114.6010685684     12.170     -0.868     12.200    0.082 
 487081.00    30.4833015556   114.6010607091     12.239     -0.605     12.107    0.040 
 487082.00    30.4834104567   114.6010558476     12.305     -0.359     12.039    0.096 
 487083.00    30.4835187096   114.6010527085     12.368     -0.307     11.954    0.043 
 487084.00    30.4836262535   114.6010488846     12.439     -0.433     11.977    0.072 
 487085.00    30.4837356460   114.6010440692     12.509     -0.485     12.268    0.064 
 487086.00    30.4838470626   114.6010395784     12.575     -0.348     12.482    0.044 
 487087.00    30.4839607754   114.6010364653     12.645     -0.254     12.743    0.055 
 487088.00    30.4840763956   114.6010341777     12.735     -0.210     12.899    0.095 
 487089.00    30.4841934519   114.6010319007     12.814     -0.227     12.983    0.138 
 487090.00    30.4843104240   114.6010293827     12.907     -0.243     12.883    0.126 
 487091.00    30.4844251283   114.6010266818     13.009     -0.278     12.583    0.096 
 487092.00    30.4845384921   114.6010237278     13.112     -0.297     12.589    0.086 
 487093.00    30.4846520122   114.6010205798     13.239     -0.281     12.535    0.133 
 487094.00    30.4847647443   114.6010181210     13.370     -0.195     12.542    0.119 
 487095.00    30.4848772653   114.6010162192     13.493     -0.190     12.427    0.179 
 487096.00    30.4849891593   114.6010137014     13.650     -0.324     12.313    0.160 
 487097.00    30.4851002504   114.6010095969     13.787     -0.420     12.380    0.068 
 487098.00    30.4852126125   114.6010052929     13.854     -0.388     12.538    0.045 
 487099.00    30.4853265287   114.6010016206     13.933     -0.299     12.706    0.142 
 487100.00    30.4854419335   114.6009986752     14.049     -0.263     12.876    0.095 
 487101.00    30.4855586367   114.6009962039     14.163     -0.214     13.011    0.075 
 487102.00    30.4856765431   114.6009937108     14.260     -0.252     13.120    0.092 
 487103.00    30.4857952315   114.6009908373     14.395     -0.315     13.146    0.145 
 487104.00    30.4859132762   114.6009873759     14.523     -0.367     13.006    0.137 
 487105.00    30.4860302187   114.6009834389     14.631     -0.382     12.919    0.098 
 487106.00    30.4861463346   114.6009796646     14.726     -0.341     12.834    0.138 
 487107.00    30.4862624344   114.6009764477     14.838     -0.301     12.908    0.078 
 487108.00    30.4863793443   114.6009731965     14.905     -0.341     13.015    0.025 
 487109.00    30.4864970417   114.6009691066     14.956     -0.431     13.028    0.022 
 487110.00    30.4866128954   114.6009648803     14.958     -0.319     12.657    0.005 
 487111.00    30.4867254217   114.6009622482     14.948     -0.191     12.303   -0.002 
 487112.00    30.4868362541   114.6009602141     14.917     -0.207     12.307   -0.029 
 487113.00    30.4869477278   114.6009576722     14.869     -0.285     12.405   -0.052 
 487114.00    30.4870600409   114.6009545296     14.836     -0.331     12.511   -0.040 
 487115.00    30.4871736695   114.6009507995     14.801     -0.386     12.684   -0.027 
 487116.00    30.4872892304   114.6009471391     14.772     -0.315     12.938   -0.047 
 487117.00    30.4874068666   114.6009443212     14.723     -0.222     13.163   -0.062 
 487118.00    30.4875267926   114.6009423420     14.681     -0.174     13.422   -0.025 
 487119.00    30.4876491208   114.6009401489     14.634     -0.266     13.688   -0.039 
 487120.00    30.4877733612   114.6009367282     14.597     -0.357     13.726    0.013 
 487121.00    30.4878955146   114.6009332229     14.614     -0.289     13.191    0.074 
 487122.00    30.4880090817   114.6009307240     14.660     -0.186     11.891    0.034 
 487123.00    30.4881091439   114.6009290470     14.721     -0.140     10.281    0.046 
 487124.00    30.4881937807   114.6009273195     14.791     -0.188      8.370    0.096 
 487125.00    30.4882581190   114.6009242235     14.828     -0.381      5.889    0.004 
 487126.00    30.4883023112   114.6009185941     14.901     -0.787      4.236    0.053 
 487127.00    30.4883334823   114.6009065800     14.944     -1.481      2.700    0.019 
 487128.00    30.4883518070   114.6008898271     14.984     -1.844      1.750    0.010 
 487129.00    30.4883636432   114.6008701758     15.006     -2.207      1.276    0.015 
 487130.00    30.4883714537   114.6008437087     15.022     -3.312      0.889    0.000 
 487131.00    30.4883720763   114.6008081104     15.036     -3.817     -0.268    0.008 
 487132.00    30.4883615295   114.6007727282     15.039     -3.879     -1.584   -0.018 
 487133.00    30.4883372952   114.6007398741     15.005     -3.475     -3.322   -0.058 
 487134.00    30.4882997794   114.6007139833     14.892     -2.604     -4.759   -0.166 
 487135.00    30.4882508639   114.6006987490     14.789     -1.369     -6.058   -0.126 
 487136.00    30.4881917534   114.6006957748     14.730     -0.095     -7.066   -0.058 
 487137.00    30.4881233077   114.6006998715     14.647      0.491     -8.120   -0.085 
 487138.00    30.4880455886   114.6007058627     14.616      0.582     -9.109   -0.030 
 487139.00    30.4879590359   114.6007105040     14.578      0.377    -10.051   -0.002 
 487140.00    30.4878643410   114.6007123702     14.536      0.113    -10.926   -0.043 
 487141.00    30.4877622023   114.6007138454     14.536      0.201    -11.712    0.011 
 487142.00    30.4876533558   114.6007174830     14.573      0.423    -12.434    0.055 
 487143.00    30.4875379656   114.6007223004     14.617      0.467    -13.144    0.043 
 487144.00    30.4874163229   114.6007270849     14.679      0.437    -13.818    0.048 
 487145.00    30.4872885773   114.6007306670     14.705      0.288    -14.500    0.050 
 487146.00    30.4871549038   114.6007334524     14.746      0.282    -15.144    0.081 
 487147.00    30.4870155916   114.6007361672     14.794      0.289    -15.749    0.053 
 487148.00    30.4868718936   114.6007395580     14.841      0.372    -16.029    0.012 
 487149.00    30.4867274031   114.6007439476     14.869      0.467    -15.908    0.053 
 487150.00    30.4865849297   114.6007481530     14.883      0.362    -15.754    0.017 
 487151.00    30.4864431472   114.6007507944     14.864      0.268    -15.687   -0.056 
 487152.00    30.4863015597   114.6007543847     14.806      0.396    -15.645   -0.103 
 487153.00    30.4861617264   114.6007589599     14.704      0.458    -15.349   -0.086 
 487154.00    30.4860241582   114.6007639042     14.580      0.464    -15.201   -0.207 
 487155.00    30.4858862327   114.6007684955     14.442      0.412    -15.328   -0.131 
 487156.00    30.4857481394   114.6007722131     14.314      0.334    -15.376   -0.140 
 487157.00    30.4856080660   114.6007758989     14.166      0.387    -15.584   -0.182 
 487158.00    30.4854679057   114.6007801794     14.000      0.429    -15.558   -0.137 
 487159.00    30.4853268737   114.6007844762     13.859      0.399    -15.725   -0.166 
 487160.00    30.4851852754   114.6007881627     13.713      0.296    -15.644   -0.125 
 487161.00    30.4850440236   114.6007908580     13.568      0.255    -15.729   -0.135 
 487162.00    30.4849012393   114.6007935175     13.424      0.263    -15.929   -0.152 
 487163.00    30.4847576238   114.6007960545     13.265      0.211    -15.824   -0.141 
 487164.00    30.4846163336   114.6007966678     13.120     -0.053    -15.502   -0.117 
 487165.00    30.4844775112   114.6007940305     12.957     -0.349    -15.299   -0.208 
 487166.00    30.4843405203   114.6007901281     12.845     -0.307    -15.008   -0.141 
 487167.00    30.4842064236   114.6007876976     12.733     -0.183    -14.710   -0.115 
 487168.00    30.4840752257   114.6007865487     12.637     -0.056    -14.387   -0.074 
 487169.00    30.4839469857   114.6007871397     12.548      0.135    -14.065   -0.071 
 487170.00    30.4838217075   114.6007902109     12.475      0.440    -13.728   -0.019 
 487171.00    30.4836996992   114.6007970029     12.416      0.764    -13.343   -0.073 
 487172.00    30.4835810592   114.6008067123     12.357      1.017    -12.991   -0.088 
 487173.00    30.4834641267   114.6008171223     12.285      0.947    -13.015   -0.072 
 487174.00    30.4833456380   114.6008257137     12.230      0.747    -13.200   -0.064 
 487175.00    30.4832262237   114.6008311964     12.156      0.347    -13.193   -0.078 
 487176.00    30.4831084714   114.6008311991     12.080     -0.190    -12.868   -0.111 
 487177.00    30.4829936639   114.6008263957     12.002     -0.596    -12.553   -0.069 
 487178.00    30.4828820475   114.6008188241     11.922     -0.755    -12.189   -0.086 
 487179.00    30.4827738367   114.6008095548     11.842     -0.993    -11.783   -0.094 
 487180.00    30.4826693341   114.6007980566     11.781     -1.081    -11.372   -0.052 
 487181.00    30.4825699517   114.6007879001     11.755     -0.894    -10.504   -0.031 
 487182.00    30.4824796747   114.6007796503     11.736     -0.736     -9.582    0.036 
 487183.00    30.4823982319   114.6007706233     11.766     -1.000     -8.566    0.014 
 487184.00    30.4823262906   114.6007531105     11.832     -1.903     -7.442    0.058 
 487185.00    30.4822643947   114.6007255811     11.894     -2.828     -6.182    0.088 
 487186.00    30.4822157350   114.6006861695     11.968     -3.783     -4.667    0.116 
 487187.00    30.4821814023   114.6006394602     12.082     -4.436     -3.302    0.091 
 487188.00    30.4821565297   114.6005838140     12.154     -5.598     -2.539    0.042 
 487189.00    30.4821356851   114.6005179920     12.191     -6.715     -2.237    0.056 
 487190.00    30.4821177445   114.6004416220     12.245     -7.698     -1.841    0.073 
 487191.00    30.4821036441   114.6003553325     12.320     -8.688     -1.397    0.071 
 487192.00    30.4820945752   114.6002587002     12.379     -9.661     -0.725    0.048 
 487193.00    30.4820918123   114.6001522340     12.404    -10.598     -0.034    0.040 
 487194.00    30.4820916941   114.6000376590     12.439    -11.365     -0.062    0.019 
 487195.00    30.4820906120   114.5999156681     12.478    -12.077     -0.170    0.039 
 487196.00    30.4820886187   114.5997863230     12.518    -12.756     -0.272    0.042 
 487197.00    30.4820855460   114.5996499794     12.558    -13.418     -0.402    0.063 
 487198.00    30.4820814618   114.5995067646     12.614    -14.075     -0.472    0.102 
 487199.00    30.4820777573   114.5993564773     12.668    -14.739     -0.347    0.080 
 487200.00    30.4820762472   114.5992022869     12.710    -14.714     -0.037    0.067 
 487201.00    30.4820768571   114.5990478727     12.771    -14.947      0.116    0.047 
 487202.00    30.4820780018   114.5988902042     12.793    -15.331      0.105    0.074 
 487203.00    30.4820786364   114.5987285993     12.850    -15.722     -0.001    0.075 
 487204.00    30.4820783275   114.5985632211     12.896    -15.955     -0.043    0.054 
 487205.00    30.4820785170   114.5983963741     12.952    -16.069      0.099    0.044 
 487206.00    30.4820802808   114.5982295468     12.997    -15.931      0.241    0.042 
 487207.00    30.4820819250   114.5980648552     13.038    -15.645      0.122    0.036 
 487208.00    30.4820825156   114.5979042408     13.102    -15.194      0.037    0.088 
 487209.00    30.4820849181   114.5977505473     13.174    -13.994      0.571    0.081 
 487210.00    30.4820934183   114.5976098458     13.243    -13.182      1.175    0.074 
 487211.00    30.4821045119   114.5974744048     13.302    -12.860      1.086    0.076 
 487212.00    30.4821105288   114.5973417342     13.365    -12.768      0.365    0.100 
 487213.00    30.4821121434   114.5972089246     13.483    -12.736      0.108    0.036 
 487214.00    30.4821119519   114.5970767273     13.577    -12.692      0.009    0.082 
 487215.00    30.4821129431   114.5969429810     13.695    -13.015      0.153    0.092 
 487216.00    30.4821138953   114.5968050711     13.734    -13.490      0.049    0.051 
 487217.00    30.4821138036   114.5966622360     13.814    -13.954     -0.080    0.150 
 487218.00    30.4821129433   114.5965146429     13.883    -14.393     -0.117    0.072 
 487219.00    30.4821124458   114.5963624207     13.973    -14.817     -0.025    0.108 
 487220.00    30.4821125897   114.5962059123     14.072    -15.217      0.041    0.087 
 487221.00    30.4821131503   114.5960453025     14.172    -15.618      0.065    0.100 
 487222.00    30.4821135483   114.5958806244     14.312    -16.010      0.049    0.145 
 487223.00    30.4821141101   114.5957117194     14.477    -16.417      0.090    0.159 
 487224.00    30.4821152394   114.5955388726     14.690    -16.788      0.152    0.209 
 487225.00    30.4821166226   114.5953625555     14.945    -17.068      0.158    0.295 
 487226.00    30.4821181137   114.5951840654     15.249    -17.044      0.160    0.340 
 487227.00    30.4821195737   114.5950089401     15.585    -16.601      0.136    0.331 
 487228.00    30.4821204020   114.5948371020     15.920    -16.442      0.073    0.311 
 487229.00    30.4821210458   114.5946664572     16.245    -16.327      0.090    0.290 
 487230.00    30.4821217179   114.5944971510     16.581    -16.246      0.091    0.307 
 487231.00    30.4821223989   114.5943295761     16.900    -15.848      0.047    0.396 
 487232.00    30.4821224415   114.5941669637     17.213    -15.443     -0.079    0.321 
 487233.00    30.4821206583   114.5940070971     17.530    -15.282     -0.301    0.333 
 487234.00    30.4821169752   114.5938487959     17.837    -15.138     -0.501    0.321 
 487235.00    30.4821117849   114.5936922581     18.166    -14.948     -0.588    0.322 
 487236.00    30.4821075687   114.5935380628     18.468    -14.567     -0.296    0.295 
 487237.00    30.4821063469   114.5933878230     18.761    -14.195     -0.016    0.263 
 487238.00    30.4821062715   114.5932427154     19.055    -13.655      0.018    0.233 
 487239.00    30.4821062959   114.5931021957     19.314    -13.383      0.022    0.256 
 487240.00    30.4821066357   114.5929647486     19.545    -12.941      0.080    0.221 
 487241.00    30.4821082754   114.5928323992     19.736    -12.431      0.292    0.148 
 487242.00    30.4821124831   114.5927052686     19.892    -11.943      0.563    0.165 
 487243.00    30.4821170125   114.5925831764     20.005    -11.519      0.430    0.089 
 487244.00    30.4821198061   114.5924659869     20.110    -10.989      0.224    0.115 
 487245.00    30.4821209406   114.5923545504     20.184    -10.456      0.067    0.047 
 487246.00    30.4821208485   114.5922492796     20.238     -9.772     -0.055    0.079 
 487247.00    30.4821204707   114.5921500692     20.280     -9.245      0.037    0.047 
 487248.00    30.4821221022   114.5920558546     20.325     -8.781      0.246    0.011 
 487249.00    30.4821238162   114.5919671246     20.323     -8.147      0.131   -0.060 
 487250.00    30.4821241977   114.5918909542     20.296     -6.437     -0.019    0.009 
 487251.00    30.4821237711   114.5918358308     20.311     -4.031     -0.054    0.019 
 487252.00    30.4821232482   114.5918056692     20.326     -2.373     -0.050    0.014 
 487253.00    30.4821227637   114.5917843731     20.336     -1.633     -0.042   -0.015 
 487254.00    30.4821224276   114.5917723514     20.334     -0.634     -0.012   -0.011 
 487255.00    30.4821223799   114.5917705774     20.336      0.001      0.018   -0.031 
 487256.00    30.4821223783   114.5917705706     20.336      0.003      0.007   -0.012 
 487257.00    30.4821223788   114.5917705705     20.336      0.001      0.006   -0.009 
 487258.00    30.4821223812   114.5917705706     20.337      0.008      0.008   -0.012 
 487259.00    30.4821223828   114.5917705675     20.337      0.002     -0.007    0.017 
 487260.00    30.4821223842   114.5917705648     20.336      0.003     -0.008    0.020 
 487261.00    30.4821223853   114.5917705631     20.336      0.003     -0.007    0.017 
 487262.00    30.4821223863   114.5917705599     20.336      0.004     -0.009    0.020 
 487263.00    30.4821223881   114.5917705615     20.335      0.004     -0.009    0.019 
 487264.00    30.4821223911   114.5917705673     20.334      0.000     -0.012    0.023 
 487265.00    30.4821223902   114.5917705734     20.333      0.013     -0.009    0.021 
 487266.00    30.4821223894   114.5917705788     20.332      0.014     -0.006    0.020 
 487267.00    30.4821223858   114.5917705812     20.331      0.003     -0.017    0.036 
 487268.00    30.4821223800   114.5917705823     20.331      0.006     -0.015    0.036 
 487269.00    30.4821223747   114.5917705801     20.331     -0.002     -0.013    0.025 
 487270.00    30.4821223687   114.5917705743     20.332     -0.003      0.004   -0.009 
 487271.00    30.4821223688   114.5917705727     20.332      0.000      0.016   -0.035 
 487272.00    30.4821223721   114.5917705725     20.332      0.000      0.018   -0.035 
 487273.00    30.4821223773   114.5917705756     20.332     -0.006      0.003   -0.011 
 487274.00    30.4821223800   114.5917705748     20.332      0.002     -0.013    0.028 
 487275.00    30.4821223778   114.5917705733     20.332     -0.005      0.015   -0.035 
 487276.00    30.4821223765   114.5917705718     20.332     -0.001     -0.007    0.010 
 487277.00    30.4821223784   114.5917705680     20.331     -0.008     -0.008    0.012 
 487278.00    30.4821223801   114.5917705652     20.331     -0.001     -0.002    0.002 
 487279.00    30.4821223785   114.5917705597     20.330      0.015     -0.007    0.024 
 487280.00    30.4821223739   114.5917705566     20.330      0.002      0.011   -0.020 
 487281.00    30.4821223712   114.5917705535     20.330      0.008     -0.018    0.039 
 487282.00    30.4821223656   114.5917705500     20.330      0.011      0.019   -0.031 
 487283.00    30.4821223644   114.5917705527     20.331      0.002     -0.008    0.016 
 487284.00    30.4821223651   114.5917705543     20.331     -0.002      0.000   -0.000 
 487285.00    30.4821223714   114.5917705591     20.332     -0.003      0.015   -0.028 
 487286.00    30.4821223778   114.5917705631     20.332      0.004     -0.004    0.011 
 487287.00    30.4821223774   114.5917705635     20.333     -0.016      0.008   -0.024 
 487288.00    30.4821223682   114.5917703932     20.334     -0.093     -0.015    0.029 
 487289.00    30.4821222399   114.5917657208     20.340     -1.113     -0.041    0.039 
 487290.00    30.4821215891   114.5917443530     20.336     -3.023     -0.083    0.014 
 487291.00    30.4821206879   114.5917033520     20.374     -4.821     -0.118    0.059 
 487292.00    30.4821192537   114.5916448327     20.398     -6.344     -0.206    0.075 
 487293.00    30.4821176360   114.5915718131     20.465     -7.609     -0.220    0.168 
 487294.00    30.4821163174   114.5914864984     20.523     -8.769     -0.117   -0.010 
 487295.00    30.4821157834   114.5913924573     20.487     -9.244     -0.059   -0.015 
 487296.00    30.4821158347   114.5912925798     20.534     -9.900      0.068    0.087 
 487297.00    30.4821174521   114.5911863533     20.599    -10.456      0.245    0.099 
 487298.00    30.4821195555   114.5910745838     20.709    -10.970      0.202    0.170 
 487299.00    30.4821214178   114.5909581729     20.951    -11.366      0.251    0.221 
 487300.00    30.4821232746   114.5908371396     21.008    -11.877      0.180    0.085 
 487301.00    30.4821249956   114.5907109296     21.085    -12.350      0.183    0.128 
 487302.00    30.4821263641   114.5905798845     21.186    -12.815      0.107    0.116 
 487303.00    30.4821268316   114.5904441293     21.235    -13.283     -0.023    0.034 
 487304.00    30.4821262960   114.5903037476     21.330    -13.656     -0.086    0.112 
 487305.00    30.4821255774   114.5901605999     21.440    -13.657     -0.031    0.121 
 487306.00    30.4821261576   114.5900199556     21.519    -13.288      0.141    0.094 
 487307.00    30.4821280057   114.5898826747     21.615    -13.057      0.225    0.134 
 487308.00    30.4821301743   114.5897477042     21.703    -12.877      0.219    0.071 
 487309.00    30.4821312791   114.5896149355     21.778    -12.582      0.068    0.106 
 487310.00    30.4821316072   114.5894859938     21.857    -12.189     -0.080    0.086 
 487311.00    30.4821291802   114.5893617927     21.944    -11.703     -0.367    0.143 
 487312.00    30.4821262440   114.5892425213     22.019    -11.235     -0.298    0.033 
 487313.00    30.4821242503   114.5891286422     22.100    -10.452     -0.140    0.070 
 487314.00    30.4821236898   114.5890297797     22.151     -8.418     -0.002    0.050 
 487315.00    30.4821239507   114.5889544616     22.189     -5.931      0.025    0.043 
 487316.00    30.4821240748   114.5889078635     22.206     -2.837      0.010    0.006 
 487317.00    30.4821240813   114.5888885688     22.215     -1.173      0.009   -0.013 
 487318.00    30.4821240611   114.5888826650     22.217      0.063     -0.010    0.016 
 487319.00    30.4821240587   114.5888827781     22.225     -0.024     -0.011    0.017 
 487320.00    30.4821240500   114.5888800661     22.230     -0.755     -0.004   -0.014 
 487321.00    30.4821239824   114.5888648464     22.241     -2.392     -0.013    0.027 
 487322.00    30.4821237570   114.5888302968     22.249     -4.224     -0.042    0.002 
 487323.00    30.4821230864   114.5887775127     22.249     -5.867     -0.095    0.004 
 487324.00    30.4821219095   114.5887091344     22.243     -7.229     -0.151    0.007 
 487325.00    30.4821205886   114.5886275062     22.243     -8.408     -0.120   -0.017 
 487326.00    30.4821199204   114.5885340784     22.172     -9.354     -0.009   -0.136 
 487327.00    30.4821206582   114.5884335597     22.043    -10.017      0.156   -0.132 
 487328.00    30.4821221043   114.5883248101     21.943    -10.867      0.158   -0.127 
 487329.00    30.4821234896   114.5882075519     21.804    -11.668      0.125   -0.133 
 487330.00    30.4821250998   114.5880819290     21.592    -12.452      0.195   -0.211 
 487331.00    30.4821272912   114.5879484637     21.378    -13.166      0.228   -0.212 
 487332.00    30.4821286381   114.5878079219     21.158    -13.814      0.117   -0.230 
 487333.00    30.4821296130   114.5876607919     20.917    -14.382      0.148   -0.186 
 487334.00    30.4821318309   114.5875083107     20.660    -14.843      0.310   -0.285 
 487335.00    30.4821345518   114.5873527602     20.393    -14.941      0.298   -0.248 
 487336.00    30.4821376019   114.5871977033     20.148    -14.788      0.379   -0.258 
 487337.00    30.4821407087   114.5870449437     19.898    -14.567      0.280   -0.270 
 487338.00    30.4821428557   114.5868946716     19.703    -14.285      0.237   -0.317 
 487339.00    30.4821448533   114.5867490745     19.421    -13.450      0.189   -0.210 
 487340.00    30.4821461965   114.5866137078     19.197    -12.474      0.126   -0.266 
 487341.00    30.4821468635   114.5864909657     19.013    -11.019      0.047   -0.129 
 487342.00    30.4821473419   114.5863860899     18.882     -9.046      0.070   -0.143 
 487343.00    30.4821481048   114.5863029209     18.708     -6.873      0.067   -0.137 
 487344.00    30.4821485824   114.5862452122     18.590     -4.047      0.030   -0.077 
 487345.00    30.4821487095   114.5862194216     18.543     -1.237      0.001   -0.022 
 487346.00    30.4821487026   114.5862160705     18.548     -0.003     -0.009    0.018 
 487347.00    30.4821486968   114.5862160411     18.548     -0.006     -0.006    0.004 
 487348.00    30.4821486931   114.5862160340     18.546     -0.005      0.002   -0.007 
 487349.00    30.4821486917   114.5862160287     18.546      0.008     -0.004    0.012 
 487350.00    30.4821486930   114.5862160280     18.546      0.004     -0.012    0.027 
 487351.00    30.4821486943   114.5862160338     18.546      0.002      0.009   -0.018 
 487352.00    30.4821486977   114.5862160391     18.547      0.003     -0.005    0.016 
 487353.00    30.4821486953   114.5862160439     18.548      0.007     -0.016    0.034 
 487354.00    30.4821486945   114.5862158131     18.548     -0.148      0.001   -0.007 
 487355.00    30.4821487268   114.5862114474     18.546     -0.797      0.000   -0.015 
 487356.00    30.4821488157   114.5861935792     18.525     -2.732      0.012   -0.047 
 487357.00    30.4821490080   114.5861544897     18.475     -4.728      0.032   -0.079 
 487358.00    30.4821491599   114.5860962620     18.383     -6.402     -0.002   -0.085 
 487359.00    30.4821490570   114.5860220506     18.302     -7.823     -0.004   -0.074 
 487360.00    30.4821488880   114.5859335183     18.191     -9.197     -0.018   -0.099 
 487361.00    30.4821487716   114.5858301205     17.993    -10.624     -0.011   -0.179 
 487362.00    30.4821489306   114.5857122569     17.774    -11.912      0.052   -0.216 
 487363.00    30.4821497419   114.5855869487     17.554    -12.124      0.114   -0.116 
 487364.00    30.4821509020   114.5854591182     17.405    -12.471      0.102   -0.177 
 487365.00    30.4821523641   114.5853264482     17.256    -13.050      0.158   -0.058 
 487366.00    30.4821534282   114.5851874818     17.193    -13.663      0.107   -0.002 
 487367.00    30.4821544433   114.5850422412     17.220    -14.229      0.097    0.031 
 487368.00    30.4821548682   114.5848912341     17.334    -14.810      0.001    0.129 
 487369.00    30.4821538330   114.5847343436     17.495    -15.320     -0.176    0.136 
 487370.00    30.4821522083   114.5845725845     17.696    -15.756     -0.169    0.213 
 487371.00    30.4821503807   114.5844059506     17.891    -16.237     -0.249    0.237 
 487372.00    30.4821481607   114.5842342303     18.081    -16.733     -0.265    0.179 
 487373.00    30.4821456508   114.5840575796     18.285    -17.179     -0.297    0.306 
 487374.00    30.4821437830   114.5838762270     18.499    -17.629     -0.121    0.211 
 487375.00    30.4821432552   114.5836902586     18.697    -18.053      0.011    0.197 
 487376.00    30.4821435863   114.5834996248     18.896    -18.580      0.070    0.185 
 487377.00    30.4821444990   114.5833045252     19.092    -18.746      0.098    0.266 
 487378.00    30.4821450588   114.5831098668     19.364    -18.729      0.015    0.270 
 487379.00    30.4821456420   114.5829138543     19.579    -18.941      0.087    0.089 
 487380.00    30.4821463796   114.5827153111     19.766    -19.066      0.066    0.153 
 487381.00    30.4821470651   114.5825190545     20.005    -18.685      0.105    0.240 
 487382.00    30.4821485344   114.5823260937     20.208    -18.375      0.183    0.198 
 487383.00    30.4821498837   114.5821364489     20.428    -18.043      0.140    0.241 
 487384.00    30.4821517238   114.5819508767     20.628    -17.580      0.251    0.226 
 487385.00    30.4821547404   114.5817702216     20.840    -17.079      0.383    0.214 
 487386.00    30.4821590418   114.5815944950     21.044    -16.685      0.517    0.065 
 487387.00    30.4821636422   114.5814230954     21.174    -16.220      0.467    0.101 
 487388.00    30.4821676863   114.5812568208     21.327    -15.732      0.463    0.191 
 487389.00    30.4821711559   114.5810955742     21.488    -15.255      0.313    0.133 
 487390.00    30.4821729702   114.5809396804     21.718    -14.718      0.134    0.183 
 487391.00    30.4821733443   114.5807891783     21.875    -14.177      0.028    0.095 
 487392.00    30.4821737679   114.5806438257     22.000    -13.659      0.111    0.074 
 487393.00    30.4821748179   114.5805069109     22.096    -12.723      0.081    0.068 
 487394.00    30.4821752914   114.5803774519     22.282    -12.182      0.018    0.124 
 487395.00    30.4821750917   114.5802529050     22.289    -11.845     -0.018   -0.140 
 487396.00    30.4821745147   114.5801290187     22.227    -12.002     -0.137    0.051 
 487397.00    30.4821729869   114.5800021870     22.200    -12.373     -0.189   -0.057 
 487398.00    30.4821714829   114.5798709266     22.155    -12.840     -0.070   -0.094 
 487399.00    30.4821710521   114.5797347176     22.096    -13.324     -0.004   -0.026 
 487400.00    30.4821712158   114.5795934431     22.063    -13.793      0.019    0.020 
 487401.00    30.4821710629   114.5794473297     22.010    -14.283     -0.045   -0.094 
 487402.00    30.4821701302   114.5792958006     21.939    -14.833     -0.153   -0.029 
 487403.00    30.4821683123   114.5791382932     21.881    -15.417     -0.231   -0.137 
 487404.00    30.4821664073   114.5789749121     21.794    -15.959     -0.190   -0.099 
 487405.00    30.4821653477   114.5788060156     21.711    -16.470     -0.062   -0.064 
 487406.00    30.4821657071   114.5786315835     21.616    -17.020      0.115   -0.078 
 487407.00    30.4821667182   114.5784517190     21.536    -17.527      0.086   -0.111 
 487408.00    30.4821670799   114.5782668576     21.496    -17.985     -0.014   -0.068 
 487409.00    30.4821672399   114.5780769410     21.424    -18.473      0.023   -0.044 
 487410.00    30.4821677639   114.5778822203     21.313    -18.923      0.098   -0.094 
 487411.00    30.4821690543   114.5776828719     21.232    -19.351      0.189   -0.105 
 487412.00    30.4821704641   114.5774790537     21.125    -19.775      0.140   -0.079 
 487413.00    30.4821718659   114.5772709653     21.067    -20.199      0.205   -0.103 
 487414.00    30.4821729461   114.5770611489     20.957    -19.989      0.136   -0.072 
 487415.00    30.4821737941   114.5768551198     20.831    -19.564      0.099   -0.212 
 487416.00    30.4821755359   114.5766534652     20.770    -19.173      0.231   -0.117 
 487417.00    30.4821774858   114.5764537764     20.645    -19.221      0.193   -0.087 
 487418.00    30.4821788272   114.5762529646     20.554    -19.316      0.083   -0.054 
 487419.00    30.4821793874   114.5760524881     20.465    -19.092      0.026   -0.078 
 487420.00    30.4821793162   114.5758557932     20.387    -18.689     -0.045   -0.036 
 487421.00    30.4821786454   114.5756636703     20.421    -18.217     -0.090    0.117 
 487422.00    30.4821784469   114.5754764035     20.508    -17.723      0.019    0.111 
 487423.00    30.4821785871   114.5752942087     20.602    -17.263     -0.004    0.116 
 487424.00    30.4821780077   114.5751161209     20.656    -16.973     -0.063    0.002 
 487425.00    30.4821788692   114.5749411883     20.644    -16.565      0.215    0.004 
 487426.00    30.4821818405   114.5747699405     20.755    -16.419      0.349    0.016 
 487427.00    30.4821848712   114.5745982268     20.815    -16.604      0.302    0.058 
 487428.00    30.4821871784   114.5744247773     20.896    -16.754      0.178    0.072 
 487429.00    30.4821884320   114.5742492745     20.994    -16.962      0.086    0.114 
 487430.00    30.4821885378   114.5740716043     21.084    -17.169     -0.031    0.118 
 487431.00    30.4821880878   114.5738920335     21.195    -17.336     -0.062    0.120 
 487432.00    30.4821876582   114.5737111093     21.281    -17.369     -0.016    0.054 
 487433.00    30.4821876354   114.5735301418     21.349    -17.386      0.020    0.113 
 487434.00    30.4821885204   114.5733484970     21.423    -17.480      0.118    0.160 
 487435.00    30.4821898407   114.5731652411     21.501    -17.723      0.161    0.078 
 487436.00    30.4821908586   114.5729796285     21.563    -17.929      0.095    0.088 
 487437.00    30.4821918107   114.5727917082     21.656    -18.108      0.158    0.076 
 487438.00    30.4821934063   114.5726022817     21.756    -18.268      0.182    0.103 
 487439.00    30.4821950512   114.5724111814     21.839    -18.443      0.187    0.058 
 487440.00    30.4821965686   114.5722183816     21.912    -18.557      0.157    0.047 
 487441.00    30.4821976502   114.5720255815     22.009    -18.491      0.100    0.115 
 487442.00    30.4821984973   114.5718338112     22.093    -18.308      0.053    0.118 
 487443.00    30.4821990148   114.5716429279     22.187    -18.392      0.035    0.072 
 487444.00    30.4821993397   114.5714509772     22.290    -18.347      0.027    0.169 
 487445.00    30.4822000178   114.5712612571     22.469    -18.146      0.095    0.221 
 487446.00    30.4822011471   114.5710719213     22.702    -18.209      0.121    0.189 
 487447.00    30.4822019822   114.5708829506     23.004    -18.093      0.105    0.324 
 487448.00    30.4822030793   114.5706949696     23.375    -17.965      0.169    0.336 
 487449.00    30.4822048645   114.5705087507     23.756    -17.792      0.225    0.330 
 487450.00    30.4822064011   114.5703242377     24.114    -17.639      0.147    0.342 
 487451.00    30.4822073915   114.5701414224     24.493    -17.490      0.069    0.454 
 487452.00    30.4822073275   114.5699595182     24.853    -17.492     -0.090    0.398 
 487453.00    30.4822067993   114.5697777648     25.217    -17.357     -0.029    0.347 
 487454.00    30.4822070828   114.5695972476     25.596    -17.348      0.045    0.355 
 487455.00    30.4822074811   114.5694166013     25.952    -17.344      0.047    0.369 
 487456.00    30.4822080875   114.5692377294     26.331    -16.961      0.079    0.411 
 487457.00    30.4822100891   114.5690632134     26.662    -16.477      0.345    0.293 
 487458.00    30.4822135682   114.5688947844     27.017    -15.847      0.409    0.393 
 487459.00    30.4822177377   114.5687327056     27.338    -15.255      0.498    0.304 
 487460.00    30.4822228158   114.5685766500     27.587    -14.767      0.662    0.115 
 487461.00    30.4822297796   114.5684226060     27.768    -14.862      0.897    0.177 
 487462.00    30.4822400316   114.5682664242     27.882    -15.072      1.363    0.074 
 487463.00    30.4822552584   114.5681078246     27.910    -15.307      1.988   -0.021 
 487464.00    30.4822761783   114.5679471163     27.856    -15.429      2.535   -0.114 
 487465.00    30.4823002289   114.5677875998     27.737    -15.157      2.724   -0.119 
 487466.00    30.4823263027   114.5676280472     27.560    -15.514      3.048   -0.223 
 487467.00    30.4823556407   114.5674637042     27.347    -16.055      3.416   -0.186 
 487468.00    30.4823873879   114.5672930285     27.133    -16.673      3.554   -0.216 
 487469.00    30.4824200317   114.5671168727     26.897    -17.182      3.657   -0.187 
 487470.00    30.4824533053   114.5669354847     26.689    -17.654      3.700   -0.220 
 487471.00    30.4824865033   114.5667498091     26.455    -17.822      3.612   -0.263 
 487472.00    30.4825183708   114.5665655049     26.208    -17.576      3.463   -0.305 
 487473.00    30.4825491592   114.5663844277     25.997    -17.205      3.389   -0.201 
 487474.00    30.4825803210   114.5662069566     25.799    -16.856      3.508   -0.185 
 487475.00    30.4826117059   114.5660328756     25.547    -16.565      3.408   -0.230 
 487476.00    30.4826412748   114.5658641555     25.388    -15.717      3.119   -0.151 
 487477.00    30.4826677991   114.5657065344     25.209    -14.635      2.779   -0.160 
 487478.00    30.4826917294   114.5655554138     24.980    -14.378      2.550   -0.203 
 487479.00    30.4827140678   114.5654067817     24.794    -14.159      2.477   -0.179 
 487480.00    30.4827369665   114.5652597031     24.624    -14.042      2.578   -0.088 
 487481.00    30.4827603179   114.5651139003     24.476    -13.943      2.572   -0.181 
 487482.00    30.4827833163   114.5649684059     24.265    -14.062      2.505   -0.251 
 487483.00    30.4828054970   114.5648211091     24.107    -14.171      2.430   -0.139 
 487484.00    30.4828273523   114.5646746057     23.908    -13.945      2.408   -0.182 
 487485.00    30.4828480024   114.5645352852     23.705    -12.690      2.178   -0.251 
 487486.00    30.4828665492   114.5644117227     23.564    -11.022      1.915   -0.120 
 487487.00    30.4828827151   114.5643073190     23.421     -9.001      1.623   -0.120 
 487488.00    30.4828958788   114.5642212583     23.336     -7.930      1.353   -0.065 
 487489.00    30.4829072613   114.5641407694     23.243     -7.655      1.196   -0.100 
 487490.00    30.4829179175   114.5640577792     23.138     -8.372      1.192   -0.088 
 487491.00    30.4829291949   114.5639654405     23.039     -9.382      1.300   -0.101 
 487492.00    30.4829411997   114.5638623728     22.910    -10.407      1.372   -0.136 
 487493.00    30.4829536922   114.5637485100     22.755    -11.450      1.402   -0.145 
 487494.00    30.4829664970   114.5636242746     22.619    -12.415      1.439   -0.148 
 487495.00    30.4829792615   114.5634902581     22.456    -13.346      1.374   -0.196 
 487496.00    30.4829912346   114.5633468950     22.286    -14.204      1.308   -0.197 
 487497.00    30.4830024483   114.5631945736     22.084    -15.064      1.213   -0.154 
 487498.00    30.4830124453   114.5630362989     21.877    -15.211      0.999   -0.188 
 487499.00    30.4830206687   114.5628775518     21.687    -15.370      0.848   -0.185 
 487500.00    30.4830281623   114.5627154953     21.475    -15.759      0.778   -0.243 
 487501.00    30.4830335893   114.5625498179     21.269    -16.075      0.427   -0.187 
 487502.00    30.4830357822   114.5623810450     21.047    -16.354      0.168   -0.240 
 487503.00    30.4830368784   114.5622100242     20.829    -16.485      0.105   -0.294 
 487504.00    30.4830378414   114.5620385444     20.642    -16.424      0.114   -0.215 
 487505.00    30.4830387381   114.5618677155     20.463    -16.402      0.091   -0.184 
 487506.00    30.4830395342   114.5616973986     20.286    -16.236      0.088   -0.144 
 487507.00    30.4830407945   114.5615302815     20.131    -15.757      0.208   -0.161 
 487508.00    30.4830430353   114.5613714630     20.005    -14.668      0.282   -0.127 
 487509.00    30.4830457389   114.5612221518     19.910    -14.129      0.300   -0.071 
 487510.00    30.4830482120   114.5610778596     19.882    -13.516      0.226   -0.016 
 487511.00    30.4830499352   114.5609404593     19.814    -12.986      0.149   -0.053 
 487512.00    30.4830513382   114.5608067240     19.799    -12.758      0.130    0.055 
 487513.00    30.4830530785   114.5606737248     19.744    -12.807      0.214   -0.043 
 487514.00    30.4830552794   114.5605391575     19.722    -13.070      0.238   -0.006 
 487515.00    30.4830562659   114.5604010429     19.695    -13.480     -0.023    0.002 
 487516.00    30.4830552096   114.5602591203     19.648    -13.766     -0.172   -0.084 
 487517.00    30.4830536918   114.5601142232     19.584    -14.053     -0.174   -0.076 
 487518.00    30.4830521722   114.5599670827     19.514    -14.101     -0.142   -0.071 
 487519.00    30.4830521906   114.5598218465     19.467    -13.716      0.111    0.000 
 487520.00    30.4830545090   114.5596811043     19.406    -13.256      0.384   -0.087 
 487521.00    30.4830598145   114.5595449228     19.375    -12.860      0.768   -0.107 
 487522.00    30.4830683216   114.5594130308     19.355    -12.448      1.059   -0.043 
 487523.00    30.4830790565   114.5592852045     19.274    -12.084      1.255   -0.055 
 487524.00    30.4830907977   114.5591591656     19.218    -12.264      1.246   -0.012 
 487525.00    30.4831011113   114.5590290213     19.143    -12.783      1.018   -0.078 
 487526.00    30.4831078206   114.5588938013     19.090    -13.266      0.613   -0.300 
 487527.00    30.4831100744   114.5587534129     18.982    -13.785      0.052   -0.096 
 487528.00    30.4831091933   114.5586110997     18.908    -13.247     -0.159   -0.050 
 487529.00    30.4831083495   114.5584810914     18.856    -11.644     -0.003   -0.058 
 487530.00    30.4831099935   114.5583684211     18.808    -10.096      0.359   -0.054 
 487531.00    30.4831159487   114.5582695697     18.764     -8.542      0.852   -0.019 
 487532.00    30.4831286829   114.5581907353     18.695     -6.214      1.872   -0.093 
 487533.00    30.4831552752   114.5581323503     18.615     -4.674      3.428   -0.070 
 487534.00    30.4831925385   114.5580901284     18.538     -3.170      4.361   -0.016 
 487535.00    30.4832382740   114.5580632251     18.487     -1.826      5.549   -0.063 
 487536.00    30.4832945222   114.5580511032     18.429     -0.626      6.695   -0.047 
 487537.00    30.4833599828   114.5580465923     18.400     -0.280      7.796    0.018 
 487538.00    30.4834353817   114.5580442618     18.437     -0.165      8.906    0.047 
 487539.00    30.4835205118   114.5580427173     18.453     -0.125      9.980    0.004 
 487540.00    30.4836149798   114.5580424060     18.475      0.049     10.971    0.015 
 487541.00    30.4837181733   114.5580426850     18.499      0.002     11.898    0.100 
 487542.00    30.4838295153   114.5580424393     18.570     -0.041     12.791    0.030 
 487543.00    30.4839484591   114.5580421402     18.616      0.007     13.582    0.054 
 487544.00    30.4840745221   114.5580422034     18.690      0.024     14.350    0.132 
 487545.00    30.4842053139   114.5580421935     18.810     -0.000     14.489    0.090 
 487546.00    30.4843344232   114.5580424145     18.945      0.116     14.182    0.184 
 487547.00    30.4844630601   114.5580442551     19.142      0.232     14.374    0.182 
 487548.00    30.4845941052   114.5580464536     19.353      0.182     14.699    0.262 
 487549.00    30.4847284768   114.5580478837     19.545      0.114     15.085    0.226 
 487550.00    30.4848657870   114.5580485413     19.783      0.011     15.327    0.207 
 487551.00    30.4850027886   114.5580486771     19.992      0.078     15.064    0.154 
 487552.00    30.4851380372   114.5580500036     20.191      0.170     14.873    0.177 
 487553.00    30.4852701963   114.5580521278     20.391      0.223     14.466    0.221 
 487554.00    30.4853998042   114.5580544238     20.599      0.174     14.286    0.196 
 487555.00    30.4855285998   114.5580559013     20.800      0.121     14.290    0.207 
 487556.00    30.4856566591   114.5580567752     21.002      0.061     14.128    0.226 
 487557.00    30.4857836623   114.5580572000     21.208      0.078     14.018    0.185 
 487558.00    30.4859094457   114.5580582457     21.400      0.135     13.897    0.143 
 487559.00    30.4860340826   114.5580599623     21.593      0.169     13.779    0.152 
 487560.00    30.4861577985   114.5580612459     21.804      0.077     13.673    0.214 
 487561.00    30.4862807320   114.5580614150     21.987     -0.025     13.542    0.240 
 487562.00    30.4864030063   114.5580611336     22.188      0.015     13.567    0.136 
 487563.00    30.4865254684   114.5580621807     22.384      0.170     13.600    0.175 
 487564.00    30.4866481954   114.5580644750     22.589      0.234     13.611    0.198 
 487565.00    30.4867710356   114.5580663298     22.781      0.123     13.625    0.226 
 487566.00    30.4868938258   114.5580674144     22.975      0.100     13.515    0.211 
 487567.00    30.4870151291   114.5580685480     23.165      0.130     13.419    0.191 
 487568.00    30.4871361615   114.5580698902     23.351      0.136     13.330    0.247 
 487569.00    30.4872556679   114.5580713252     23.532      0.107     13.113    0.196 
 487570.00    30.4873730564   114.5580722155     23.710      0.050     12.915    0.236 
 487571.00    30.4874890045   114.5580724775     23.900     -0.038     12.666    0.181 
 487572.00    30.4876012876   114.5580719046     24.071     -0.095     12.305    0.139 
 487573.00    30.4877108017   114.5580706441     24.245     -0.106     11.976    0.200 
 487574.00    30.4878165281   114.5580700247     24.429     -0.032     11.468    0.137 
 487575.00    30.4879174634   114.5580700930     24.578      0.026     10.908    0.186 
 487576.00    30.4880133518   114.5580702478     24.718      0.010     10.297    0.130 
 487577.00    30.4881018398   114.5580697049     24.864     -0.130      9.206    0.155 
 487578.00    30.4881785538   114.5580664582     24.993     -0.514      7.733    0.107 
 487579.00    30.4882392238   114.5580590692     25.106     -0.884      5.659    0.090 
 487580.00    30.4882830884   114.5580472246     25.181     -1.475      4.221    0.034 
 487581.00    30.4883120414   114.5580299452     25.212     -1.753      2.482    0.033 
 487582.00    30.4883291841   114.5580111705     25.228     -2.066      1.689    0.002 
 487583.00    30.4883413943   114.5579867312     25.211     -2.694      1.252   -0.036 
 487584.00    30.4883489919   114.5579587471     25.184     -3.221      0.838   -0.030 
 487585.00    30.4883535318   114.5579238400     25.194     -3.537      0.452    0.016 
 487586.00    30.4883551816   114.5578906791     25.143     -3.091      0.175   -0.057 
 487587.00    30.4883558873   114.5578584665     25.076     -3.148      0.050   -0.071 
 487588.00    30.4883553920   114.5578266641     25.007     -3.011     -0.073   -0.078 
 487589.00    30.4883535663   114.5577968249     24.942     -2.831     -0.244   -0.065 
 487590.00    30.4883488704   114.5577685088     24.878     -2.872     -0.685   -0.047 
 487591.00    30.4883370278   114.5577398542     24.825     -3.236     -1.711   -0.069 
 487592.00    30.4883152997   114.5577127470     24.755     -2.668     -2.617   -0.081 
 487593.00    30.4882903567   114.5576962179     24.701     -1.564     -2.686   -0.032 
 487594.00    30.4882664210   114.5576893154     24.677     -0.770     -2.621   -0.033 
 487595.00    30.4882434843   114.5576887798     24.663     -0.182     -2.467   -0.016 
 487596.00    30.4882226904   114.5576896259     24.648     -0.011     -2.227   -0.002 
 487597.00    30.4882036100   114.5576903448     24.639      0.045     -2.148    0.019 
 487598.00    30.4881780620   114.5576912612     24.635      0.092     -3.580    0.001 
 487599.00    30.4881394780   114.5576922183     24.611      0.102     -4.901   -0.030 
 487600.00    30.4880910292   114.5576930586     24.578      0.069     -5.593   -0.029 
 487601.00    30.4880419451   114.5576931448     24.554     -0.004     -5.170   -0.035 
 487602.00    30.4879983312   114.5576926276     24.531     -0.046     -4.482   -0.025 
 487603.00    30.4879618957   114.5576915785     24.485     -0.105     -3.507   -0.045 
 487604.00    30.4879353135   114.5576882229     24.451     -0.312     -2.503   -0.012 
 487605.00    30.4879150619   114.5576768992     24.424     -0.863     -1.840   -0.016 
 487606.00    30.4879031025   114.5576582846     24.402     -1.286     -1.045    0.014 
 487607.00    30.4878976948   114.5576383739     24.384     -1.506     -0.537   -0.020 
 487608.00    30.4878959375   114.5576179928     24.374     -1.692     -0.253   -0.059 
 487609.00    30.4878961199   114.5575971479     24.385     -1.748      0.042    0.041 
 487610.00    30.4878973513   114.5575757544     24.409     -2.128      0.084    0.031 
 487611.00    30.4878987934   114.5575480994     24.440     -2.928      0.168    0.047 
 487612.00    30.4879005398   114.5575178699     24.473     -2.718      0.166    0.059 
 487613.00    30.4879013284   114.5574918096     24.598     -2.366      0.030    0.275 
 487614.00    30.4879015776   114.5574651078     24.472     -2.554      0.097   -0.116 
 487615.00    30.4879016704   114.5574377912     24.204     -2.762      0.007   -0.255 
 487616.00    30.4879021196   114.5574060518     23.806     -3.359      0.088   -0.568 
 487617.00    30.4879023139   114.5573681373     23.276     -3.792      0.066   -0.703 
 487618.00    30.4879022511   114.5573301227     22.732     -3.538      0.079   -0.728 
 487619.00    30.4879021240   114.5572920650     22.199     -3.796      0.036   -0.568 
 487620.00    30.4879018923   114.5572522957     21.600     -3.722     -0.018   -0.608 
