+ (1)  软件版本信息
-      软件版本 = " version:2.3.0725 "
-      版权声明 = " 武汉迈普时空导航科技有限公司@CopyRight 2011-2018 "

+ (2)  数据路径
-      工程路径 = " E:/NavData/IntegratedNavData/20200703wnlbs/1/1.ini "
-      数据(惯导) = " E:/NavData/IntegratedNavData/20200703wnlbs/Com18_0703130815_1.bin "
-      数据(流动) = " E:/NavData/IntegratedNavData/20200701wnlbs/1/GNSS/1.pos "
-      数据(结果) = " E:/NavData/IntegratedNavData/20200703wnlbs/1/Loose "

+ (3)  重要处理参数
-      处理模式 = " 松组合 "
-      惯导仪器型号 = "  "
-      杆臂安装信息 = " -0.700,-0.250,-0.700 "杆臂量取至L1相位中心
-      目标杆臂信息 = " -0.700,-0.250,-0.700 "
-      基准站的坐标 = "   30 29 17.598715, 114 33 26.740074, 72.2410(m),  0.0000(m),GSL1-2020_07_03 "

+ (4)  时间信息
-      时间(导出) = " 2020/07/13 15:13:19 "
-      时间(数据) = " 2020/07/03 05:08:36 ~ 2020/07/03 05:26:12 "
-      时间(处理) = " 2020/07/03 05:11:09 ~ 2020/07/03 05:26:12 "

+ (5)  结果描述
-      平面投影信息 = 3度带投影,带号38,中央经线114,投影类型:高斯投影

+ (6)  文本输出信息
-      GPSTime      = GPS周内秒                         
-      Latitude     = 纬度                             
-      Longitude    = 经度                             
-      H-Ell        = 椭球高                            
----------------------------------END OF HEADER--------------------------------------

   GPSTime         Latitude        Longitude      H-Ell  
     (sec)            (Deg)            (Deg)        (m)  
450670.000    30.4888605828   114.5587671079     27.836 
450671.000    30.4888499401   114.5588542489     27.920 
450672.000    30.4888394298   114.5589440192     28.045 
450673.000    30.4888289938   114.5590347707     28.166 
450674.000    30.4888183491   114.5591264962     28.268 
450675.000    30.4888068267   114.5592190654     28.372 
450676.000    30.4887942319   114.5593130110     28.475 
450677.000    30.4887804105   114.5594087906     28.582 
450678.000    30.4887655239   114.5595064021     28.673 
450679.000    30.4887503648   114.5596059605     28.761 
450680.000    30.4887351002   114.5597076392     28.829 
450681.000    30.4887199367   114.5598109185     28.875 
450682.000    30.4887051098   114.5599148819     28.920 
450683.000    30.4886904540   114.5600197353     28.948 
450684.000    30.4886759066   114.5601253882     28.991 
450685.000    30.4886612169   114.5602322011     29.017 
450686.000    30.4886460491   114.5603410530     29.041 
450687.000    30.4886304113   114.5604519498     29.062 
450688.000    30.4886142856   114.5605645434     29.103 
450689.000    30.4885979559   114.5606785386     29.146 
450690.000    30.4885814273   114.5607932416     29.174 
450691.000    30.4885647260   114.5609086050     29.203 
450692.000    30.4885479682   114.5610235199     29.239 
450693.000    30.4885312422   114.5611374641     29.278 
450694.000    30.4885148744   114.5612512215     29.314 
450695.000    30.4884988002   114.5613653244     29.351 
450696.000    30.4884827420   114.5614801378     29.380 
450697.000    30.4884664460   114.5615963005     29.416 
450698.000    30.4884499342   114.5617141018     29.450 
450699.000    30.4884331138   114.5618335778     29.480 
450700.000    30.4884160314   114.5619545703     29.520 
450701.000    30.4883987529   114.5620769759     29.563 
450702.000    30.4883813947   114.5622000153     29.594 
450703.000    30.4883641735   114.5623213117     29.622 
450704.000    30.4883472059   114.5624407537     29.652 
450705.000    30.4883300418   114.5625608214     29.681 
450706.000    30.4883126766   114.5626826272     29.690 
450707.000    30.4882952920   114.5628058048     29.687 
450708.000    30.4882782020   114.5629279379     29.678 
450709.000    30.4882617064   114.5630466523     29.630 
450710.000    30.4882455722   114.5631616656     29.593 
450711.000    30.4882300270   114.5632728706     29.559 
450712.000    30.4882154367   114.5633802066     29.536 
450713.000    30.4882020918   114.5634834883     29.503 
450714.000    30.4881899709   114.5635824189     29.471 
450715.000    30.4881789825   114.5636749834     29.444 
450716.000    30.4881689335   114.5637610393     29.431 
450717.000    30.4881589046   114.5638415876     29.419 
450718.000    30.4881493323   114.5639148286     29.428 
450719.000    30.4881407414   114.5639783530     29.441 
450720.000    30.4881334877   114.5640341802     29.469 
450721.000    30.4881307058   114.5640877689     29.548 
450722.000    30.4881382355   114.5641413910     29.698 
450723.000    30.4881572184   114.5641936032     29.857 
450724.000    30.4881876893   114.5642409015     30.060 
450725.000    30.4882290966   114.5642797796     30.274 
450726.000    30.4882800501   114.5643080135     30.492 
450727.000    30.4883362902   114.5643316385     30.724 
450728.000    30.4883955529   114.5643570053     30.982 
450729.000    30.4884585302   114.5643837768     31.231 
450730.000    30.4885251209   114.5644117994     31.501 
450731.000    30.4885949494   114.5644410329     31.786 
450732.000    30.4886664870   114.5644709616     32.057 
450733.000    30.4887368493   114.5645006420     32.323 
450734.000    30.4888039828   114.5645293339     32.580 
450735.000    30.4888648172   114.5645561368     32.768 
450736.000    30.4889186385   114.5645819112     32.951 
450737.000    30.4889672180   114.5646089240     33.103 
450738.000    30.4890105816   114.5646409638     33.304 
450739.000    30.4890482758   114.5646799404     33.397 
450740.000    30.4890793795   114.5647281664     33.405 
450741.000    30.4890986230   114.5647845449     33.441 
450742.000    30.4891040256   114.5648472629     33.483 
450743.000    30.4890971750   114.5649142600     33.494 
450744.000    30.4890867601   114.5649872629     33.505 
450745.000    30.4890759178   114.5650668532     33.537 
450746.000    30.4890650156   114.5651524492     33.559 
450747.000    30.4890535096   114.5652433176     33.598 
450748.000    30.4890423103   114.5653392404     33.639 
450749.000    30.4890310531   114.5654410909     33.686 
450750.000    30.4890189643   114.5655482764     33.770 
450751.000    30.4890047919   114.5656597932     33.861 
450752.000    30.4889894947   114.5657753062     33.972 
450753.000    30.4889748574   114.5658939367     34.096 
450754.000    30.4889601598   114.5660140436     34.238 
450755.000    30.4889447812   114.5661353037     34.397 
450756.000    30.4889283389   114.5662569623     34.532 
450757.000    30.4889112065   114.5663785169     34.680 
450758.000    30.4888939389   114.5664996548     34.840 
450759.000    30.4888774097   114.5666206715     34.977 
450760.000    30.4888613268   114.5667428715     35.126 
450761.000    30.4888452336   114.5668670232     35.282 
450762.000    30.4888306490   114.5669933284     35.446 
450763.000    30.4888177583   114.5671212253     35.609 
450764.000    30.4888059637   114.5672486772     35.777 
450765.000    30.4887956738   114.5673758953     35.948 
450766.000    30.4887849051   114.5675040796     36.115 
450767.000    30.4887754743   114.5676337017     36.274 
450768.000    30.4887679083   114.5677649693     36.422 
450769.000    30.4887605827   114.5678979334     36.619 
450770.000    30.4887524648   114.5680330268     36.810 
450771.000    30.4887430528   114.5681703628     37.011 
450772.000    30.4887315256   114.5683098803     37.190 
450773.000    30.4887184210   114.5684517963     37.346 
450774.000    30.4887040199   114.5685960380     37.507 
450775.000    30.4886885785   114.5687425817     37.637 
450776.000    30.4886712959   114.5688911940     37.770 
450777.000    30.4886518093   114.5690418149     37.878 
450778.000    30.4886307869   114.5691945842     37.963 
450779.000    30.4886086796   114.5693496565     38.035 
450780.000    30.4885865107   114.5695073085     38.094 
450781.000    30.4885642798   114.5696674524     38.134 
450782.000    30.4885416609   114.5698301358     38.161 
450783.000    30.4885185300   114.5699952999     38.178 
450784.000    30.4884950103   114.5701630461     38.162 
450785.000    30.4884709090   114.5703333307     38.134 
450786.000    30.4884460290   114.5705053318     38.095 
450787.000    30.4884209363   114.5706778336     38.033 
450788.000    30.4883956128   114.5708509760     37.942 
450789.000    30.4883702825   114.5710250522     37.846 
450790.000    30.4883445225   114.5712001586     37.734 
450791.000    30.4883186798   114.5713760697     37.604 
450792.000    30.4882932803   114.5715511232     37.432 
450793.000    30.4882682872   114.5717247785     37.257 
450794.000    30.4882434956   114.5718972438     37.063 
450795.000    30.4882186916   114.5720689779     36.847 
450796.000    30.4881941267   114.5722404954     36.622 
450797.000    30.4881701641   114.5724119970     36.384 
450798.000    30.4881460961   114.5725834981     36.116 
450799.000    30.4881214478   114.5727549486     35.834 
450800.000    30.4880969476   114.5729263724     35.544 
450801.000    30.4880724873   114.5730978871     35.232 
450802.000    30.4880480046   114.5732697824     34.916 
450803.000    30.4880234124   114.5734424528     34.602 
450804.000    30.4879986444   114.5736161499     34.285 
450805.000    30.4879736073   114.5737908074     33.970 
450806.000    30.4879482742   114.5739664889     33.632 
450807.000    30.4879232102   114.5741431545     33.301 
450808.000    30.4878985509   114.5743206733     32.970 
450809.000    30.4878737094   114.5744988323     32.627 
450810.000    30.4878486040   114.5746775870     32.309 
450811.000    30.4878231917   114.5748566872     31.985 
450812.000    30.4877975137   114.5750363437     31.666 
450813.000    30.4877717418   114.5752164383     31.326 
450814.000    30.4877461540   114.5753971019     30.995 
450815.000    30.4877204720   114.5755782153     30.654 
450816.000    30.4876942962   114.5757597701     30.332 
450817.000    30.4876683963   114.5759414839     30.009 
450818.000    30.4876434332   114.5761225648     29.677 
450819.000    30.4876186427   114.5763018606     29.359 
450820.000    30.4875935430   114.5764789057     29.029 
450821.000    30.4875681727   114.5766537538     28.703 
450822.000    30.4875426416   114.5768264385     28.372 
450823.000    30.4875171103   114.5769969977     28.044 
450824.000    30.4874923929   114.5771655627     27.727 
450825.000    30.4874684923   114.5773320809     27.431 
450826.000    30.4874447775   114.5774964921     27.128 
450827.000    30.4874214158   114.5776589496     26.822 
450828.000    30.4873978683   114.5778201817     26.521 
450829.000    30.4873743122   114.5779804784     26.221 
450830.000    30.4873516431   114.5781389736     25.956 
450831.000    30.4873296626   114.5782952323     25.655 
450832.000    30.4873083043   114.5784484024     25.378 
450833.000    30.4872879605   114.5785979915     25.109 
450834.000    30.4872683540   114.5787439155     24.828 
450835.000    30.4872492977   114.5788862426     24.596 
450836.000    30.4872308087   114.5790245460     24.367 
450837.000    30.4872128145   114.5791582636     24.169 
450838.000    30.4871952352   114.5792855964     24.014 
450839.000    30.4871785297   114.5794054400     23.867 
450840.000    30.4871627756   114.5795169675     23.706 
450841.000    30.4871480112   114.5796198545     23.581 
450842.000    30.4871345125   114.5797136674     23.471 
450843.000    30.4871222588   114.5797978989     23.383 
450844.000    30.4871116047   114.5798709159     23.300 
450845.000    30.4871031182   114.5799295988     23.237 
450846.000    30.4870970736   114.5799715129     23.194 
450847.000    30.4870933213   114.5799979546     23.167 
450848.000    30.4870903759   114.5800188936     23.145 
450849.000    30.4870880332   114.5800358856     23.131 
450850.000    30.4870864520   114.5800474674     23.125 
450851.000    30.4870856541   114.5800533602     23.124 
450852.000    30.4870855382   114.5800543033     23.124 
450853.000    30.4870855468   114.5800542916     23.123 
450854.000    30.4870855473   114.5800542904     23.121 
450855.000    30.4870855492   114.5800542800     23.120 
450856.000    30.4870855436   114.5800542790     23.119 
450857.000    30.4870855511   114.5800542792     23.118 
450858.000    30.4870855517   114.5800542792     23.115 
450859.000    30.4870855507   114.5800542728     23.113 
450860.000    30.4870855575   114.5800542658     23.113 
450861.000    30.4870855521   114.5800542638     23.114 
450862.000    30.4870855584   114.5800542638     23.115 
450863.000    30.4870855573   114.5800542707     23.115 
450864.000    30.4870855533   114.5800542735     23.114 
450865.000    30.4870855598   114.5800542678     23.113 
450866.000    30.4870855675   114.5800542694     23.114 
450867.000    30.4870855656   114.5800542779     23.114 
450868.000    30.4870855600   114.5800542718     23.114 
450869.000    30.4870855510   114.5800542669     23.113 
450870.000    30.4870855573   114.5800542624     23.114 
450871.000    30.4870855550   114.5800542645     23.114 
450872.000    30.4870855595   114.5800542652     23.115 
450873.000    30.4870855652   114.5800542697     23.116 
450874.000    30.4870855687   114.5800542765     23.117 
450875.000    30.4870855666   114.5800542700     23.116 
450876.000    30.4870855588   114.5800542576     23.114 
450877.000    30.4870855605   114.5800542543     23.114 
450878.000    30.4870855626   114.5800542627     23.114 
450879.000    30.4870855616   114.5800542739     23.114 
450880.000    30.4870855711   114.5800542624     23.114 
450881.000    30.4870855738   114.5800542471     23.115 
450882.000    30.4870855656   114.5800542471     23.114 
450883.000    30.4870855629   114.5800542504     23.114 
450884.000    30.4870855566   114.5800542591     23.114 
450885.000    30.4870855350   114.5800544115     23.116 
450886.000    30.4870850924   114.5800576653     23.116 
450887.000    30.4870835296   114.5800693255     23.107 
450888.000    30.4870802375   114.5800940303     23.092 
450889.000    30.4870752259   114.5801320052     23.067 
450890.000    30.4870685231   114.5801819445     23.020 
450891.000    30.4870602881   114.5802420562     22.973 
450892.000    30.4870508339   114.5803107984     22.937 
450893.000    30.4870401070   114.5803866234     22.936 
450894.000    30.4870283786   114.5804687625     22.927 
450895.000    30.4870155110   114.5805568902     22.908 
450896.000    30.4870016515   114.5806510426     22.860 
450897.000    30.4869868532   114.5807513801     22.814 
450898.000    30.4869711126   114.5808575096     22.780 
450899.000    30.4869550325   114.5809687331     22.803 
450900.000    30.4869385553   114.5810847035     22.795 
450901.000    30.4869212202   114.5812050963     22.809 
450902.000    30.4869032818   114.5813296051     22.834 
450903.000    30.4868851838   114.5814577521     22.915 
450904.000    30.4868666521   114.5815893311     22.954 
450905.000    30.4868478937   114.5817240885     23.040 
450906.000    30.4868284016   114.5818617484     23.144 
450907.000    30.4868082570   114.5820021656     23.257 
450908.000    30.4867874204   114.5821452055     23.345 
450909.000    30.4867668681   114.5822909202     23.430 
450910.000    30.4867468400   114.5824392284     23.532 
450911.000    30.4867279804   114.5825902132     23.584 
450912.000    30.4867102673   114.5827437344     23.705 
450913.000    30.4866928529   114.5828993404     23.840 
450914.000    30.4866754777   114.5830570721     23.903 
450915.000    30.4866581237   114.5832167794     24.058 
450916.000    30.4866409925   114.5833784489     24.152 
450917.000    30.4866244891   114.5835420450     24.299 
450918.000    30.4866085720   114.5837074490     24.415 
450919.000    30.4865932433   114.5838746714     24.522 
450920.000    30.4865785877   114.5840436822     24.621 
450921.000    30.4865645299   114.5842144816     24.742 
450922.000    30.4865514702   114.5843869304     24.853 
450923.000    30.4865401261   114.5845611322     24.960 
450924.000    30.4865300462   114.5847367549     25.076 
450925.000    30.4865209091   114.5849135870     25.189 
450926.000    30.4865120326   114.5850900910     25.316 
450927.000    30.4865040655   114.5852663791     25.459 
450928.000    30.4864963465   114.5854425590     25.602 
450929.000    30.4864888821   114.5856188406     25.718 
450930.000    30.4864819522   114.5857952039     25.844 
450931.000    30.4864754921   114.5859716458     25.954 
450932.000    30.4864701342   114.5861482050     26.073 
450933.000    30.4864660261   114.5863248816     26.179 
450934.000    30.4864628185   114.5865015916     26.296 
450935.000    30.4864606793   114.5866779989     26.408 
450936.000    30.4864595385   114.5868543891     26.531 
450937.000    30.4864589770   114.5870311098     26.627 
450938.000    30.4864595061   114.5872083524     26.751 
450939.000    30.4864608137   114.5873862327     26.857 
450940.000    30.4864631287   114.5875648836     26.975 
450941.000    30.4864662947   114.5877443138     27.100 
450942.000    30.4864700968   114.5879246230     27.223 
450943.000    30.4864750962   114.5881057327     27.383 
450944.000    30.4864809832   114.5882875590     27.489 
450945.000    30.4864876806   114.5884703653     27.603 
450946.000    30.4864953941   114.5886537918     27.743 
450947.000    30.4865038925   114.5888374853     27.834 
450948.000    30.4865133425   114.5890176743     27.913 
450949.000    30.4865242000   114.5891929414     27.982 
450950.000    30.4865358885   114.5893634153     28.020 
450951.000    30.4865476375   114.5895294288     28.040 
450952.000    30.4865593685   114.5896907116     28.041 
450953.000    30.4865728494   114.5898442579     28.023 
450954.000    30.4865877151   114.5899881709     27.979 
450955.000    30.4866029197   114.5901219588     27.940 
450956.000    30.4866178629   114.5902451130     27.888 
450957.000    30.4866323155   114.5903571732     27.830 
450958.000    30.4866454462   114.5904579723     27.779 
450959.000    30.4866563188   114.5905493635     27.720 
450960.000    30.4866650703   114.5906310515     27.661 
450961.000    30.4866723310   114.5907015019     27.602 
450962.000    30.4866781235   114.5907594743     27.544 
450963.000    30.4866823573   114.5908033760     27.497 
450964.000    30.4866850710   114.5908318186     27.472 
450965.000    30.4866870458   114.5908527478     27.453 
450966.000    30.4866886992   114.5908699669     27.433 
450967.000    30.4866899624   114.5908835839     27.415 
450968.000    30.4866909822   114.5908933679     27.409 
450969.000    30.4866914873   114.5908986504     27.404 
450970.000    30.4866916488   114.5909001499     27.401 
450971.000    30.4866917146   114.5909007068     27.398 
450972.000    30.4866917918   114.5909013941     27.395 
450973.000    30.4866918231   114.5909017682     27.395 
450974.000    30.4866918070   114.5909017771     27.397 
450975.000    30.4866918098   114.5909017753     27.399 
450976.000    30.4866918044   114.5909017783     27.400 
450977.000    30.4866917955   114.5909017810     27.398 
450978.000    30.4866917990   114.5909017741     27.397 
450979.000    30.4866918130   114.5909017691     27.398 
450980.000    30.4866918190   114.5909017688     27.399 
450981.000    30.4866918184   114.5909017858     27.401 
450982.000    30.4866918112   114.5909017912     27.402 
450983.000    30.4866918089   114.5909017856     27.402 
450984.000    30.4866918071   114.5909017741     27.400 
450985.000    30.4866918091   114.5909017772     27.398 
450986.000    30.4866918047   114.5909017785     27.397 
450987.000    30.4866917939   114.5909017722     27.398 
450988.000    30.4866917888   114.5909017617     27.398 
450989.000    30.4866917855   114.5909017594     27.399 
450990.000    30.4866917896   114.5909017728     27.400 
450991.000    30.4866917976   114.5909017741     27.399 
450992.000    30.4866918084   114.5909017617     27.398 
450993.000    30.4866918035   114.5909017641     27.397 
450994.000    30.4866918836   114.5909029832     27.397 
450995.000    30.4866925309   114.5909097888     27.393 
450996.000    30.4866942745   114.5909272777     27.382 
450997.000    30.4866973827   114.5909580065     27.351 
450998.000    30.4867018519   114.5910005978     27.302 
450999.000    30.4867074871   114.5910539857     27.242 
451000.000    30.4867143983   114.5911173204     27.166 
451001.000    30.4867228258   114.5911897688     27.075 
451002.000    30.4867328086   114.5912707091     26.964 
451003.000    30.4867441671   114.5913595175     26.841 
451004.000    30.4867565136   114.5914554747     26.712 
451005.000    30.4867701953   114.5915580393     26.549 
451006.000    30.4867849012   114.5916671588     26.395 
451007.000    30.4868006026   114.5917822600     26.216 
451008.000    30.4868172280   114.5919029712     26.029 
451009.000    30.4868349922   114.5920287627     25.837 
451010.000    30.4868543329   114.5921594292     25.632 
451011.000    30.4868752467   114.5922947014     25.426 
451012.000    30.4868965888   114.5924345849     25.210 
451013.000    30.4869178584   114.5925790973     24.989 
451014.000    30.4869393489   114.5927280277     24.761 
451015.000    30.4869616588   114.5928811564     24.525 
451016.000    30.4869851628   114.5930380096     24.277 
451017.000    30.4870095300   114.5931950927     24.030 
451018.000    30.4870342042   114.5933504509     23.783 
451019.000    30.4870592856   114.5935057455     23.531 
451020.000    30.4870847827   114.5936619912     23.276 
451021.000    30.4871117482   114.5938192253     23.033 
451022.000    30.4871404322   114.5939773691     22.780 
451023.000    30.4871704192   114.5941347207     22.517 
451024.000    30.4872013669   114.5942903600     22.258 
451025.000    30.4872332200   114.5944451184     22.029 
451026.000    30.4872660018   114.5945992267     21.767 
451027.000    30.4872998537   114.5947526621     21.530 
451028.000    30.4873348556   114.5949054205     21.301 
451029.000    30.4873703096   114.5950572977     21.060 
451030.000    30.4874066499   114.5952082025     20.840 
451031.000    30.4874435132   114.5953585722     20.592 
451032.000    30.4874803939   114.5955086569     20.360 
451033.000    30.4875174621   114.5956584593     20.121 
451034.000    30.4875551712   114.5958077861     19.884 
451035.000    30.4875938151   114.5959568178     19.652 
451036.000    30.4876321456   114.5961069611     19.411 
451037.000    30.4876705235   114.5962596922     19.160 
451038.000    30.4877104024   114.5964143932     18.899 
451039.000    30.4877526430   114.5965696317     18.681 
451040.000    30.4877970612   114.5967237976     18.401 
451041.000    30.4878429519   114.5968766426     18.155 
451042.000    30.4878891352   114.5970276015     17.912 
451043.000    30.4879353269   114.5971779730     17.686 
451044.000    30.4879808124   114.5973285663     17.443 
451045.000    30.4880254409   114.5974796326     17.242 
451046.000    30.4880702016   114.5976307954     16.973 
451047.000    30.4881143581   114.5977811005     16.754 
451048.000    30.4881590611   114.5979287975     16.465 
451049.000    30.4882025915   114.5980745385     16.234 
451050.000    30.4882444644   114.5982183187     16.020 
451051.000    30.4882852277   114.5983607121     15.857 
451052.000    30.4883250379   114.5985027272     15.731 
451053.000    30.4883636559   114.5986440152     15.577 
451054.000    30.4884011708   114.5987829956     15.433 
451055.000    30.4884388013   114.5989191712     15.299 
451056.000    30.4884768715   114.5990537231     15.190 
451057.000    30.4885136639   114.5991864047     15.188 
451058.000    30.4885492115   114.5993157905     15.187 
451059.000    30.4885835329   114.5994411459     15.207 
451060.000    30.4886165150   114.5995607455     15.242 
451061.000    30.4886467652   114.5996735374     15.254 
451062.000    30.4886741962   114.5997792029     15.285 
451063.000    30.4886986837   114.5998771115     15.366 
451064.000    30.4887207290   114.5999665166     15.464 
451065.000    30.4887404811   114.6000469433     15.547 
451066.000    30.4887577939   114.6001179591     15.627 
451067.000    30.4887726803   114.6001789532     15.693 
451068.000    30.4887848885   114.6002290798     15.752 
451069.000    30.4887941663   114.6002675798     15.800 
451070.000    30.4888011161   114.6002961378     15.827 
451071.000    30.4888070792   114.6003206413     15.844 
451072.000    30.4888120663   114.6003413788     15.867 
451073.000    30.4888163184   114.6003591020     15.896 
451074.000    30.4888201173   114.6003749609     15.925 
451075.000    30.4888233891   114.6003888491     15.950 
451076.000    30.4888260278   114.6004002332     15.968 
451077.000    30.4888279796   114.6004086919     15.981 
451078.000    30.4888292991   114.6004144345     15.990 
451079.000    30.4888302763   114.6004186001     15.999 
451080.000    30.4888309933   114.6004216870     16.004 
451081.000    30.4888316360   114.6004244580     16.008 
451082.000    30.4888322477   114.6004271440     16.011 
451083.000    30.4888330130   114.6004305300     16.015 
451084.000    30.4888345906   114.6004375191     16.023 
451085.000    30.4888371117   114.6004486837     16.036 
451086.000    30.4888403490   114.6004629633     16.057 
451087.000    30.4888452065   114.6004831656     16.089 
451088.000    30.4888529137   114.6005147280     16.140 
451089.000    30.4888632636   114.6005573173     16.193 
451090.000    30.4888759560   114.6006096569     16.255 
451091.000    30.4888900649   114.6006703824     16.311 
451092.000    30.4889050273   114.6007385601     16.425 
451093.000    30.4889206239   114.6008135071     16.482 
451094.000    30.4889378333   114.6008948987     16.590 
451095.000    30.4889559177   114.6009816868     16.650 
451096.000    30.4889752902   114.6010741492     16.736 
451097.000    30.4889959714   114.6011706300     16.939 
451098.000    30.4890189264   114.6012707037     17.173 
451099.000    30.4890440784   114.6013739995     17.409 
451100.000    30.4890691146   114.6014804935     17.593 
451101.000    30.4890907365   114.6015899950     17.750 
451102.000    30.4891106287   114.6017023794     17.854 
451103.000    30.4891313242   114.6018173398     17.966 
451104.000    30.4891519516   114.6019346487     18.046 
451105.000    30.4891731125   114.6020541840     18.201 
451106.000    30.4891941800   114.6021755871     18.373 
451107.000    30.4892163030   114.6022987904     18.524 
451108.000    30.4892383063   114.6024239332     18.684 
451109.000    30.4892608181   114.6025508070     18.871 
451110.000    30.4892840531   114.6026795141     19.044 
451111.000    30.4893075523   114.6028104896     19.224 
451112.000    30.4893311407   114.6029436752     19.401 
451113.000    30.4893543874   114.6030791156     19.578 
451114.000    30.4893775817   114.6032166353     19.756 
451115.000    30.4894011082   114.6033558358     19.939 
451116.000    30.4894240913   114.6034966830     20.126 
451117.000    30.4894470093   114.6036387753     20.319 
451118.000    30.4894700397   114.6037818214     20.496 
451119.000    30.4894930047   114.6039261342     20.682 
451120.000    30.4895157479   114.6040714746     20.875 
451121.000    30.4895374755   114.6042165042     21.075 
451122.000    30.4895581162   114.6043611952     21.265 
451123.000    30.4895781870   114.6045061602     21.434 
451124.000    30.4895980177   114.6046518890     21.596 
451125.000    30.4896177048   114.6047986095     21.713 
451126.000    30.4896374159   114.6049464033     21.821 
451127.000    30.4896573567   114.6050952778     21.934 
451128.000    30.4896774805   114.6052452579     22.011 
451129.000    30.4896968963   114.6053967650     22.065 
451130.000    30.4897162664   114.6055494295     22.097 
451131.000    30.4897345558   114.6057011928     22.104 
451132.000    30.4897519258   114.6058531632     22.089 
451133.000    30.4897689657   114.6060062939     22.076 
451134.000    30.4897854647   114.6061610852     22.011 
451135.000    30.4898015839   114.6063178867     21.935 
451136.000    30.4898170391   114.6064768435     21.822 
451137.000    30.4898316027   114.6066380732     21.759 
451138.000    30.4898463092   114.6068013593     21.658 
451139.000    30.4898622519   114.6069666207     21.558 
451140.000    30.4898791884   114.6071337759     21.465 
451141.000    30.4898967895   114.6073027624     21.374 
451142.000    30.4899138345   114.6074735703     21.303 
451143.000    30.4899298264   114.6076462941     21.213 
451144.000    30.4899444052   114.6078209420     21.119 
451145.000    30.4899579063   114.6079974441     21.009 
451146.000    30.4899709142   114.6081756956     20.922 
451147.000    30.4899835701   114.6083556386     20.823 
451148.000    30.4899948588   114.6085373946     20.718 
451149.000    30.4900050923   114.6087208415     20.611 
451150.000    30.4900141250   114.6089058596     20.502 
451151.000    30.4900211694   114.6090911114     20.395 
451152.000    30.4900271855   114.6092764344     20.282 
451153.000    30.4900331652   114.6094621298     20.172 
451154.000    30.4900387408   114.6096484231     20.067 
451155.000    30.4900442403   114.6098353777     19.943 
451156.000    30.4900497395   114.6100227451     19.841 
451157.000    30.4900552469   114.6102078799     19.729 
451158.000    30.4900595608   114.6103894147     19.639 
451159.000    30.4900629315   114.6105675272     19.541 
451160.000    30.4900664589   114.6107426067     19.438 
451161.000    30.4900700437   114.6109176741     19.329 
451162.000    30.4900736542   114.6110949033     19.238 
451163.000    30.4900772050   114.6112746436     19.151 
451164.000    30.4900801511   114.6114569269     19.055 
451165.000    30.4900826144   114.6116418482     18.960 
451166.000    30.4900841507   114.6118274912     18.847 
451167.000    30.4900848190   114.6120120091     18.732 
451168.000    30.4900847854   114.6121951773     18.620 
451169.000    30.4900849000   114.6123772843     18.507 
451170.000    30.4900862799   114.6125583261     18.404 
451171.000    30.4900887804   114.6127385461     18.281 
451172.000    30.4900935224   114.6129196162     18.169 
451173.000    30.4900993615   114.6131026215     18.026 
451174.000    30.4901058743   114.6132870238     17.889 
451175.000    30.4901134194   114.6134686709     17.750 
451176.000    30.4901207324   114.6136415185     17.590 
451177.000    30.4901281246   114.6138052422     17.433 
451178.000    30.4901358932   114.6139595466     17.301 
451179.000    30.4901438486   114.6141048066     17.157 
451180.000    30.4901520707   114.6142414583     17.004 
451181.000    30.4901629094   114.6143738818     16.873 
451182.000    30.4901754041   114.6145033416     16.724 
451183.000    30.4901877928   114.6146312993     16.582 
451184.000    30.4901988785   114.6147588713     16.427 
451185.000    30.4902080320   114.6148867541     16.277 
451186.000    30.4902177306   114.6150166198     16.123 
451187.000    30.4902286555   114.6151487143     15.960 
451188.000    30.4902396466   114.6152810060     15.810 
451189.000    30.4902502586   114.6154118681     15.644 
451190.000    30.4902599490   114.6155428827     15.463 
451191.000    30.4902683936   114.6156750280     15.304 
451192.000    30.4902772402   114.6158081673     15.107 
451193.000    30.4902867941   114.6159424021     14.990 
451194.000    30.4902971804   114.6160775813     14.819 
451195.000    30.4903091675   114.6162133054     14.656 
451196.000    30.4903221150   114.6163481677     14.483 
451197.000    30.4903354734   114.6164809127     14.324 
451198.000    30.4903489509   114.6166112734     14.176 
451199.000    30.4903624001   114.6167392700     14.018 
451200.000    30.4903759162   114.6168654096     13.859 
451201.000    30.4903901424   114.6169916179     13.712 
451202.000    30.4904051426   114.6171193518     13.548 
451203.000    30.4904208611   114.6172495674     13.397 
451204.000    30.4904374464   114.6173842881     13.238 
451205.000    30.4904549998   114.6175242282     13.064 
451206.000    30.4904736241   114.6176698687     12.888 
451207.000    30.4904933293   114.6178204966     12.706 
451208.000    30.4905136921   114.6179730050     12.513 
451209.000    30.4905341224   114.6181275646     12.325 
451210.000    30.4905543828   114.6182846396     12.131 
451211.000    30.4905743659   114.6184428193     11.942 
451212.000    30.4905952622   114.6185991221     11.755 
451213.000    30.4906192717   114.6187522700     11.598 
451214.000    30.4906427901   114.6189027904     11.459 
451215.000    30.4906648841   114.6190506960     11.335 
451216.000    30.4906867655   114.6191959396     11.226 
451217.000    30.4907098464   114.6193401134     11.134 
451218.000    30.4907347892   114.6194857568     11.051 
451219.000    30.4907600781   114.6196335693     10.999 
451220.000    30.4907840761   114.6197823540     10.946 
451221.000    30.4908065410   114.6199304384     10.908 
451222.000    30.4908282543   114.6200758127     10.875 
451223.000    30.4908498129   114.6202191485     10.862 
451224.000    30.4908714569   114.6203630942     10.856 
451225.000    30.4908941147   114.6205087246     10.861 
451226.000    30.4909172932   114.6206566964     10.886 
451227.000    30.4909405165   114.6208060669     10.943 
451228.000    30.4909633964   114.6209548523     11.004 
451229.000    30.4909857553   114.6211026742     11.067 
451230.000    30.4910076403   114.6212496635     11.145 
451231.000    30.4910291862   114.6213961708     11.230 
451232.000    30.4910504649   114.6215422042     11.324 
451233.000    30.4910706827   114.6216879223     11.424 
451234.000    30.4910899286   114.6218331398     11.507 
451235.000    30.4911083910   114.6219770516     11.574 
451236.000    30.4911274288   114.6221191435     11.652 
451237.000    30.4911466466   114.6222595494     11.726 
451238.000    30.4911651994   114.6223985252     11.818 
451239.000    30.4911830212   114.6225358781     11.900 
451240.000    30.4912001321   114.6226712136     11.986 
451241.000    30.4912163747   114.6228042920     12.060 
451242.000    30.4912316200   114.6229357889     12.139 
451243.000    30.4912460563   114.6230677788     12.198 
451244.000    30.4912598538   114.6232007842     12.273 
451245.000    30.4912730632   114.6233332488     12.344 
451246.000    30.4912850582   114.6234622112     12.419 
451247.000    30.4912964481   114.6235869193     12.497 
451248.000    30.4913091581   114.6237079641     12.567 
451249.000    30.4913236945   114.6238289115     12.644 
451250.000    30.4913394128   114.6239511702     12.726 
451251.000    30.4913549716   114.6240713104     12.817 
451252.000    30.4913684754   114.6241894674     12.914 
451253.000    30.4913803830   114.6243100853     13.139 
451254.000    30.4913914595   114.6244325873     13.182 
451255.000    30.4914026892   114.6245541382     13.229 
451256.000    30.4914149587   114.6246736039     13.329 
451257.000    30.4914270966   114.6247941271     13.411 
451258.000    30.4914376407   114.6249140838     13.494 
451259.000    30.4914462345   114.6250354146     13.543 
451260.000    30.4914536027   114.6251577662     13.611 
451261.000    30.4914591966   114.6252788574     13.669 
451262.000    30.4914632393   114.6253997536     13.583 
451263.000    30.4914667537   114.6255223645     13.655 
451264.000    30.4914692410   114.6256452187     13.711 
451265.000    30.4914714250   114.6257691729     13.782 
451266.000    30.4914741176   114.6258962688     13.851 
451267.000    30.4914770537   114.6260274303     13.907 
451268.000    30.4914804925   114.6261624837     13.981 
451269.000    30.4914847660   114.6263008009     14.063 
451270.000    30.4914899264   114.6264393983     14.137 
451271.000    30.4914957061   114.6265744551     14.219 
451272.000    30.4915015491   114.6267051321     14.288 
451273.000    30.4915078157   114.6268329844     14.357 
451274.000    30.4915149467   114.6269620083     14.430 
451275.000    30.4915220434   114.6270940069     14.526 
451276.000    30.4915275390   114.6272288182     14.623 
451277.000    30.4915326176   114.6273674631     14.683 
451278.000    30.4915387039   114.6275107225     14.724 
451279.000    30.4915446529   114.6276588411     14.742 
451280.000    30.4915496737   114.6278104883     14.979 
451281.000    30.4915526220   114.6279658816     15.068 
451282.000    30.4915526372   114.6281243263     15.131 
451283.000    30.4915513513   114.6282865086     15.208 
451284.000    30.4915504620   114.6284525846     15.303 
451285.000    30.4915498974   114.6286217521     15.373 
451286.000    30.4915496253   114.6287932769     15.424 
451287.000    30.4915496431   114.6289673219     15.467 
451288.000    30.4915497601   114.6291412322     15.514 
451289.000    30.4915497356   114.6293138529     15.582 
451290.000    30.4915498722   114.6294835345     15.615 
451291.000    30.4915512050   114.6296499718     15.635 
451292.000    30.4915535143   114.6298151611     15.675 
451293.000    30.4915566108   114.6299802886     15.697 
451294.000    30.4915594359   114.6301433950     15.695 
451295.000    30.4915619543   114.6303030500     15.709 
451296.000    30.4915640529   114.6304611724     15.713 
451297.000    30.4915659325   114.6306186037     15.715 
451298.000    30.4915677783   114.6307752965     15.706 
451299.000    30.4915698386   114.6309310266     15.695 
451300.000    30.4915720407   114.6310854164     15.670 
451301.000    30.4915744917   114.6312384099     15.650 
451302.000    30.4915773152   114.6313898609     15.627 
451303.000    30.4915804697   114.6315399120     15.589 
451304.000    30.4915835948   114.6316886377     15.555 
451305.000    30.4915861578   114.6318364030     15.518 
451306.000    30.4915879486   114.6319842789     15.473 
451307.000    30.4915893715   114.6321327627     15.410 
451308.000    30.4915911916   114.6322808583     15.347 
451309.000    30.4915932890   114.6324282050     15.288 
451310.000    30.4915957558   114.6325756321     15.228 
451311.000    30.4915985251   114.6327235067     15.164 
451312.000    30.4916016225   114.6328720081     15.113 
451313.000    30.4916049208   114.6330207602     15.052 
451314.000    30.4916083021   114.6331704807     14.992 
451315.000    30.4916112967   114.6333216811     14.927 
451316.000    30.4916139138   114.6334739073     14.872 
451317.000    30.4916161784   114.6336260869     14.810 
451318.000    30.4916183505   114.6337788349     14.736 
451319.000    30.4916205393   114.6339329941     14.668 
451320.000    30.4916227375   114.6340884575     14.591 
451321.000    30.4916250494   114.6342438403     14.528 
451322.000    30.4916275961   114.6343964610     14.470 
451323.000    30.4916301798   114.6345480787     14.407 
451324.000    30.4916327125   114.6347003086     14.347 
451325.000    30.4916348517   114.6348535983     14.271 
451326.000    30.4916366642   114.6350080466     14.202 
451327.000    30.4916383062   114.6351638031     14.135 
451328.000    30.4916399005   114.6353209502     14.061 
451329.000    30.4916415136   114.6354795196     13.980 
451330.000    30.4916436226   114.6356394059     13.904 
451331.000    30.4916460744   114.6358003213     13.835 
451332.000    30.4916482838   114.6359617576     13.772 
451333.000    30.4916507560   114.6361243893     13.696 
451334.000    30.4916535300   114.6362886341     13.619 
451335.000    30.4916563763   114.6364545347     13.547 
451336.000    30.4916593617   114.6366218339     13.481 
451337.000    30.4916623377   114.6367875840     13.422 
451338.000    30.4916657312   114.6369499304     13.366 
451339.000    30.4916691239   114.6371089153     13.300 
451340.000    30.4916723446   114.6372645949     13.232 
451341.000    30.4916749694   114.6374170971     13.157 
451342.000    30.4916772163   114.6375661712     13.110 
451343.000    30.4916791054   114.6377121369     13.055 
451344.000    30.4916809647   114.6378570015     12.969 
451345.000    30.4916826158   114.6380042066     12.910 
451346.000    30.4916844127   114.6381541964     12.844 
451347.000    30.4916865418   114.6383070177     12.790 
451348.000    30.4916889953   114.6384619632     12.751 
451349.000    30.4916919124   114.6386166876     12.706 
451350.000    30.4916951800   114.6387710899     12.669 
451351.000    30.4916985984   114.6389256402     12.615 
451352.000    30.4917014541   114.6390802224     12.557 
451353.000    30.4917031786   114.6392338840     12.515 
451354.000    30.4917041199   114.6393862656     12.493 
451355.000    30.4917048259   114.6395358450     12.471 
451356.000    30.4917058834   114.6396818741     12.463 
451357.000    30.4917077328   114.6398243052     12.468 
451358.000    30.4917099022   114.6399644923     12.474 
451359.000    30.4917120708   114.6401043646     12.491 
451360.000    30.4917141976   114.6402443090     12.517 
451361.000    30.4917164277   114.6403844064     12.521 
451362.000    30.4917187285   114.6405247014     12.557 
451363.000    30.4917212785   114.6406650241     12.607 
451364.000    30.4917237838   114.6408042130     12.641 
451365.000    30.4917254349   114.6409418038     12.675 
451366.000    30.4917267079   114.6410796337     12.699 
451367.000    30.4917279058   114.6412182893     12.730 
451368.000    30.4917296304   114.6413580589     12.777 
451369.000    30.4917320632   114.6414992908     12.818 
451370.000    30.4917349956   114.6416420017     12.861 
451371.000    30.4917379812   114.6417846440     12.909 
451372.000    30.4917409079   114.6419275094     12.968 
451373.000    30.4917436169   114.6420693486     12.999 
451374.000    30.4917459348   114.6422114220     13.051 
451375.000    30.4917481046   114.6423530528     13.090 
451376.000    30.4917500391   114.6424931420     13.123 
451377.000    30.4917519798   114.6426315070     13.150 
451378.000    30.4917539492   114.6427695543     13.190 
451379.000    30.4917560486   114.6429066581     13.228 
451380.000    30.4917584199   114.6430401841     13.273 
451381.000    30.4917610241   114.6431706129     13.323 
451382.000    30.4917634630   114.6433004047     13.355 
451383.000    30.4917659014   114.6434307964     13.399 
451384.000    30.4917685301   114.6435611350     13.445 
451385.000    30.4917714264   114.6436887384     13.498 
451386.000    30.4917743217   114.6438151026     13.540 
451387.000    30.4917769115   114.6439390377     13.570 
451388.000    30.4917785830   114.6440617803     13.606 
451389.000    30.4917796567   114.6441837933     13.626 
451390.000    30.4917804130   114.6443026283     13.639 
451391.000    30.4917817065   114.6444184704     13.668 
451392.000    30.4917830919   114.6445321686     13.705 
451393.000    30.4917838094   114.6446422472     13.735 
451394.000    30.4917838424   114.6447484933     13.715 
451395.000    30.4917837267   114.6448522670     13.725 
451396.000    30.4917833452   114.6449560470     13.742 
451397.000    30.4917819532   114.6450597990     13.772 
451398.000    30.4917796873   114.6451621851     13.813 
451399.000    30.4917777477   114.6452649138     13.837 
451400.000    30.4917766135   114.6453669423     13.842 
451401.000    30.4917765014   114.6454654755     13.864 
451402.000    30.4917777528   114.6455617999     13.890 
451403.000    30.4917801417   114.6456571516     13.924 
451404.000    30.4917825284   114.6457516757     13.933 
451405.000    30.4917844217   114.6458476078     13.960 
451406.000    30.4917856486   114.6459466927     13.968 
451407.000    30.4917860663   114.6460463224     13.989 
451408.000    30.4917857931   114.6461421390     14.005 
451409.000    30.4917851087   114.6462334226     14.026 
451410.000    30.4917844073   114.6463201558     14.022 
451411.000    30.4917837507   114.6464023586     14.013 
451412.000    30.4917832639   114.6464799452     14.022 
451413.000    30.4917831760   114.6465527280     14.036 
451414.000    30.4917825296   114.6466239014     14.041 
451415.000    30.4917806569   114.6466972587     14.033 
451416.000    30.4917775952   114.6467708606     14.019 
451417.000    30.4917738007   114.6468401131     14.015 
451418.000    30.4917687911   114.6469068055     14.007 
451419.000    30.4917588528   114.6469730403     13.968 
451420.000    30.4917408577   114.6470365434     13.900 
451421.000    30.4917142379   114.6470957838     13.785 
451422.000    30.4916793948   114.6471494564     13.707 
451423.000    30.4916389039   114.6471959601     13.595 
451424.000    30.4915941504   114.6472388564     13.470 
451425.000    30.4915473026   114.6472776139     13.363 
451426.000    30.4914967096   114.6473141625     13.259 
451427.000    30.4914438344   114.6473481864     13.160 
451428.000    30.4913914012   114.6473798750     13.050 
451429.000    30.4913380937   114.6474119206     12.935 
451430.000    30.4912835569   114.6474444646     12.821 
451431.000    30.4912284987   114.6474766123     12.690 
451432.000    30.4911722708   114.6475092015     12.567 
451433.000    30.4911137942   114.6475423710     12.425 
451434.000    30.4910565562   114.6475740612     12.283 
451435.000    30.4910015641   114.6476040033     12.158 
451436.000    30.4909490629   114.6476320897     12.030 
451437.000    30.4908972390   114.6476592292     11.908 
451438.000    30.4908465627   114.6476854993     11.787 
451439.000    30.4907966895   114.6477108334     11.676 
451440.000    30.4907473361   114.6477354802     11.565 
451441.000    30.4907003722   114.6477592295     11.467 
451442.000    30.4906531111   114.6477828031     11.366 
451443.000    30.4906074366   114.6478055326     11.260 
451444.000    30.4905652587   114.6478263421     11.182 
451445.000    30.4905273823   114.6478448977     11.120 
451446.000    30.4904911466   114.6478622736     11.060 
451447.000    30.4904553520   114.6478791270     11.013 
451448.000    30.4904224153   114.6478946346     10.960 
451449.000    30.4903916754   114.6479091358     10.909 
451450.000    30.4903622297   114.6479230474     10.865 
451451.000    30.4903334677   114.6479368324     10.828 
451452.000    30.4903028780   114.6479517542     10.782 
451453.000    30.4902692856   114.6479684445     10.741 
451454.000    30.4902329446   114.6479864569     10.690 
451455.000    30.4901955051   114.6480048807     10.641 
451456.000    30.4901575576   114.6480235256     10.594 
451457.000    30.4901180877   114.6480430024     10.562 
451458.000    30.4900762797   114.6480635773     10.511 
451459.000    30.4900365774   114.6480830359     10.473 
451460.000    30.4899975920   114.6481016552     10.435 
451461.000    30.4899554461   114.6481213659     10.389 
451462.000    30.4899100983   114.6481439577     10.348 
451463.000    30.4898619240   114.6481691749     10.299 
451464.000    30.4898107338   114.6481961410     10.256 
451465.000    30.4897576443   114.6482232792     10.219 
451466.000    30.4897029115   114.6482500250     10.169 
451467.000    30.4896455532   114.6482773806     10.101 
451468.000    30.4895857980   114.6483064365     10.051 
451469.000    30.4895235765   114.6483373586      9.982 
451470.000    30.4894587138   114.6483697120      9.909 
451471.000    30.4893913834   114.6484038753      9.844 
451472.000    30.4893216581   114.6484394069      9.796 
451473.000    30.4892499558   114.6484754650      9.730 
451474.000    30.4891794903   114.6485112070      9.658 
451475.000    30.4891111568   114.6485458471      9.608 
451476.000    30.4890425483   114.6485798703      9.559 
451477.000    30.4889729148   114.6486135119      9.514 
451478.000    30.4889028719   114.6486481010      9.469 
451479.000    30.4888314113   114.6486835751      9.442 
451480.000    30.4887575905   114.6487203445      9.437 
451481.000    30.4886811233   114.6487584940      9.424 
451482.000    30.4886027927   114.6487972484      9.417 
451483.000    30.4885232237   114.6488359016      9.425 
451484.000    30.4884421655   114.6488757430      9.452 
451485.000    30.4883591328   114.6489160541      9.481 
451486.000    30.4882748613   114.6489586892      9.509 
451487.000    30.4881893455   114.6490036101      9.557 
451488.000    30.4881019652   114.6490494781      9.618 
451489.000    30.4880133280   114.6490953924      9.710 
451490.000    30.4879251442   114.6491422069      9.782 
451491.000    30.4878378096   114.6491917345      9.860 
451492.000    30.4877532040   114.6492423924      9.977 
451493.000    30.4876726381   114.6492914912     10.080 
451494.000    30.4875956638   114.6493374394     10.174 
451495.000    30.4875225897   114.6493803477     10.263 
451496.000    30.4874517229   114.6494220985     10.354 
451497.000    30.4873809040   114.6494636340     10.421 
451498.000    30.4873090927   114.6495054220     10.513 
451499.000    30.4872354334   114.6495460115     10.638 
451500.000    30.4871608346   114.6495864867     10.666 
451501.000    30.4870856568   114.6496279258     10.806 
451502.000    30.4870078053   114.6496721837     10.909 
451503.000    30.4869264823   114.6497205303     11.011 
451504.000    30.4868417190   114.6497729961     11.116 
451505.000    30.4867533767   114.6498293372     11.231 
451506.000    30.4866619002   114.6498899861     11.332 
451507.000    30.4865676636   114.6499533248     11.468 
451508.000    30.4864706818   114.6500185875     11.606 
451509.000    30.4863734079   114.6500835896     11.712 
451510.000    30.4862780935   114.6501459578     11.818 
451511.000    30.4861850508   114.6502063322     11.898 
451512.000    30.4860945030   114.6502660186     11.946 
451513.000    30.4860052807   114.6503254306     12.004 
451514.000    30.4859153981   114.6503860774     12.049 
451515.000    30.4858251143   114.6504475758     12.085 
451516.000    30.4857341700   114.6505110981     12.109 
451517.000    30.4856420215   114.6505789330     12.119 
451518.000    30.4855479937   114.6506507762     12.137 
451519.000    30.4854515848   114.6507255730     12.145 
451520.000    30.4853534104   114.6508022256     12.116 
451521.000    30.4852538318   114.6508803280     12.106 
451522.000    30.4851519321   114.6509601573     12.030 
451523.000    30.4850480200   114.6510419077     11.959 
451524.000    30.4849426265   114.6511253490     11.911 
451525.000    30.4848379132   114.6512095732     11.848 
451526.000    30.4847320336   114.6512950310     11.717 
451527.000    30.4846242713   114.6513824948     11.630 
451528.000    30.4845151542   114.6514726414     11.505 
451529.000    30.4844053875   114.6515664975     11.399 
451530.000    30.4842950800   114.6516640787     11.285 
451531.000    30.4841843432   114.6517654209     11.190 
451532.000    30.4840736446   114.6518704837     11.083 
451533.000    30.4839621533   114.6519778210     10.965 
451534.000    30.4838504562   114.6520859220     10.870 
451535.000    30.4837398452   114.6521936326     10.774 
451536.000    30.4836301999   114.6523006457     10.675 
451537.000    30.4835217829   114.6524069764     10.563 
451538.000    30.4834139387   114.6525124954     10.467 
451539.000    30.4833077710   114.6526186791     10.359 
451540.000    30.4832033404   114.6527251689     10.260 
451541.000    30.4831005346   114.6528318369     10.150 
451542.000    30.4829980067   114.6529395963     10.049 
451543.000    30.4828953329   114.6530480570      9.931 
451544.000    30.4827928604   114.6531573492      9.824 
451545.000    30.4826924430   114.6532656547      9.711 
451546.000    30.4825944719   114.6533721570      9.580 
451547.000    30.4824980100   114.6534776909      9.510 
451548.000    30.4824007304   114.6535843966      9.373 
451549.000    30.4823029021   114.6536923407      9.291 
451550.000    30.4822052851   114.6538013841      9.191 
451551.000    30.4821083610   114.6539108903      9.142 
451552.000    30.4820125223   114.6540213000      9.106 
451553.000    30.4819179702   114.6541328875      9.099 
451554.000    30.4818241603   114.6542454160      9.119 
451555.000    30.4817307133   114.6543587469      9.123 
451556.000    30.4816368992   114.6544720686      9.170 
451557.000    30.4815424199   114.6545857856      9.200 
451558.000    30.4814464845   114.6546993873      9.267 
451559.000    30.4813497883   114.6548133493      9.311 
451560.000    30.4812528037   114.6549282669      9.371 
451561.000    30.4811551332   114.6550441668      9.440 
451562.000    30.4810564831   114.6551615065      9.493 
451563.000    30.4809570793   114.6552803338      9.539 
451564.000    30.4808578681   114.6554015137      9.594 
451565.000    30.4807606548   114.6555269355      9.635 
451566.000    30.4806649944   114.6556556982      9.651 
451567.000    30.4805694420   114.6557862279      9.694 
451568.000    30.4804735291   114.6559181354      9.764 
451569.000    30.4803782677   114.6560517618      9.812 
451570.000    30.4802854167   114.6561848216      9.860 
451571.000    30.4801954485   114.6563170477      9.861 
