   GPSTime         Latitude        Longitude      H-Ell      Vel-N      Vel-E    Vel-U   
     (sec)            (Deg)            (Deg)        (m)      (m/s)      (m/s)    (m/s)  
 486548.00    30.4871449317   114.5638123353     26.461     -2.755     -8.007   -0.110 
 486549.00    30.4870702025   114.5637818826     26.333     -3.032     -8.563   -0.108 
 486550.00    30.4869928014   114.5637496274     26.183     -3.124     -8.608   -0.155 
 486551.00    30.4869142847   114.5637165328     26.036     -3.230     -8.817   -0.135 
 486552.00    30.4868338379   114.5636828517     25.886     -3.221     -9.028   -0.106 
 486553.00    30.4867517266   114.5636499275     25.753     -3.143     -9.185   -0.114 
 486554.00    30.4866680406   114.5636182757     25.607     -2.984     -9.400   -0.154 
 486555.00    30.4865815592   114.5635889810     25.441     -2.751     -9.744   -0.177 
 486556.00    30.4864927450   114.5635637497     25.281     -2.262     -9.927   -0.158 
 486557.00    30.4864020646   114.5635441730     25.122     -1.719    -10.196   -0.166 
 486558.00    30.4863086701   114.5635298547     24.946     -1.223    -10.502   -0.167 
 486559.00    30.4862127726   114.5635199079     24.765     -0.861    -10.750   -0.197 
 486560.00    30.4861148625   114.5635123621     24.595     -0.646    -10.975   -0.167 
 486561.00    30.4860151184   114.5635080456     24.437     -0.296    -11.105   -0.184 
 486562.00    30.4859154959   114.5635078024     24.266      0.119    -11.024   -0.195 
 486563.00    30.4858160917   114.5635119573     24.081      0.549    -11.061   -0.205 
 486564.00    30.4857152227   114.5635201673     23.898      0.894    -11.302   -0.166 
 486565.00    30.4856127563   114.5635314848     23.745      1.185    -11.422   -0.166 
 486566.00    30.4855086681   114.5635452193     23.558      1.385    -11.690   -0.208 
 486567.00    30.4854022666   114.5635603742     23.399      1.487    -11.875   -0.095 
 486568.00    30.4852947166   114.5635758821     23.342      1.471    -11.986   -0.086 
 486569.00    30.4851863674   114.5635897545     23.219      1.265    -12.019   -0.098 
 486570.00    30.4850786412   114.5636015976     23.135      1.069    -11.806   -0.126 
 486571.00    30.4849727654   114.5636139363     23.066      1.175    -11.676   -0.027 
 486572.00    30.4848677580   114.5636275720     23.018      1.359    -11.637   -0.024 
 486573.00    30.4847625768   114.5636422007     23.007      1.421    -11.712    0.002 
 486574.00    30.4846562393   114.5636569913     22.965      1.412    -11.872   -0.044 
 486575.00    30.4845490805   114.5636708393     22.911      1.260    -11.846   -0.042 
 486576.00    30.4844422197   114.5636828853     22.868      1.110    -11.891   -0.007 
 486577.00    30.4843345093   114.5636939953     22.859      1.049    -11.966   -0.014 
 486578.00    30.4842266364   114.5637043992     22.842      0.989    -11.952   -0.022 
 486579.00    30.4841189492   114.5637157013     22.791      1.139    -11.964    0.015 
 486580.00    30.4840112949   114.5637284029     22.778      1.254    -11.944   -0.011 
 486581.00    30.4839035446   114.5637425457     22.754      1.434    -11.969    0.048 
 486582.00    30.4837958999   114.5637582518     22.746      1.503    -11.931    0.027 
 486583.00    30.4836899522   114.5637726557     22.764      1.333    -11.542    0.028 
 486584.00    30.4835877373   114.5637851856     22.773      1.121    -11.069   -0.060 
 486585.00    30.4834903728   114.5637961191     22.802      1.016    -10.467   -0.005 
 486586.00    30.4833985920   114.5638063101     22.800      0.948     -9.817   -0.005 
 486587.00    30.4833161867   114.5638155065     22.817      0.798     -8.408    0.008 
 486588.00    30.4832442902   114.5638237253     22.835      0.772     -7.692   -0.007 
 486589.00    30.4831775613   114.5638315301     22.843      0.747     -7.098    0.008 
 486590.00    30.4831168287   114.5638405731     22.857      0.851     -6.237    0.018 
 486591.00    30.4830682933   114.5638492114     22.868      0.749     -4.767   -0.009 
 486592.00    30.4830285677   114.5638576260     22.868      0.778     -4.200    0.013 
 486593.00    30.4829881373   114.5638705728     22.865      1.416     -4.684    0.084 
 486594.00    30.4829487461   114.5638933122     22.952      2.329     -4.213    0.088 
 486595.00    30.4829150353   114.5639303895     23.035      3.916     -3.669    0.052 
 486596.00    30.4828871271   114.5639833903     23.082      5.509     -3.016    0.047 
 486597.00    30.4828637711   114.5640484817     23.140      6.602     -2.351    0.050 
 486598.00    30.4828482509   114.5641245249     23.232      7.647     -1.526    0.111 
 486599.00    30.4828354521   114.5642086798     23.329      8.427     -1.434    0.072 
 486600.00    30.4828221510   114.5642998107     23.427      9.026     -1.537    0.130 
 486601.00    30.4828075368   114.5643960438     23.563      9.422     -1.701    0.141 
 486602.00    30.4827906674   114.5644923271     23.687      9.049     -1.995    0.136 
 486603.00    30.4827709409   114.5645843792     23.801      8.714     -2.285    0.111 
 486604.00    30.4827501630   114.5646740730     23.912      8.538     -2.275    0.154 
 486605.00    30.4827308466   114.5647645653     24.052      8.858     -2.108    0.119 
 486606.00    30.4827111574   114.5648562048     24.132      8.679     -2.192    0.029 
 486607.00    30.4826924301   114.5649440242     24.205      8.201     -2.057    0.101 
 486608.00    30.4826721152   114.5650270754     24.333      7.929     -2.399    0.153 
 486609.00    30.4826489282   114.5651088489     24.446      7.883     -2.599    0.106 
 486610.00    30.4826273482   114.5651921618     24.539      8.046     -2.182    0.074 
 486611.00    30.4826100727   114.5652778696     24.629      8.297     -1.810    0.092 
 486612.00    30.4825951111   114.5653652903     24.722      8.412     -1.552    0.083 
 486613.00    30.4825821362   114.5654515851     24.822      8.035     -1.416    0.125 
 486614.00    30.4825687276   114.5655318948     24.950      7.394     -1.539    0.129 
 486615.00    30.4825542383   114.5656046790     25.065      6.616     -1.618    0.105 
 486616.00    30.4825380812   114.5656691823     25.151      5.853     -1.867    0.088 
 486617.00    30.4825185323   114.5657240637     25.238      4.902     -2.311    0.098 
 486618.00    30.4824924349   114.5657688623     25.325      4.219     -3.105    0.068 
 486619.00    30.4824590171   114.5658067419     25.387      3.577     -3.957    0.054 
 486620.00    30.4824177927   114.5658361694     25.399      2.788     -4.919    0.029 
 486621.00    30.4823675033   114.5658572894     25.418      1.990     -6.011    0.049 
 486622.00    30.4823084203   114.5658745006     25.450      1.677     -7.022    0.004 
 486623.00    30.4822399218   114.5658886034     25.448      1.270     -8.090   -0.012 
 486624.00    30.4821623115   114.5658985474     25.438      0.959     -9.051    0.016 
 486625.00    30.4820767537   114.5659093532     25.414      1.113     -9.896    0.020 
 486626.00    30.4819839632   114.5659220552     25.399      1.315    -10.673   -0.108 
 486627.00    30.4818844066   114.5659374947     25.355      1.616    -11.390    0.007 
 486628.00    30.4817787494   114.5659560223     25.316      1.868    -12.049    0.002 
 486629.00    30.4816671461   114.5659759019     25.304      1.907    -12.694   -0.015 
 486630.00    30.4815496869   114.5659955483     25.273      1.877    -13.343   -0.018 
 486631.00    30.4814264902   114.5660142540     25.264      1.747    -13.959   -0.021 
 486632.00    30.4812979633   114.5660320431     25.303      1.748    -14.511    0.067 
 486633.00    30.4811648785   114.5660506350     25.362      1.806    -15.003    0.060 
 486634.00    30.4810274615   114.5660695465     25.452      1.828    -15.476    0.138 
 486635.00    30.4808858879   114.5660886343     25.531      1.858    -15.927    0.093 
 486636.00    30.4807423932   114.5661075270     25.587      1.782    -15.774    0.032 
 486637.00    30.4806018523   114.5661257304     25.668      1.734    -15.348    0.000 
 486638.00    30.4804650953   114.5661439298     25.665      1.721    -14.962    0.040 
 486639.00    30.4803314480   114.5661617496     25.691      1.699    -14.715   -0.028 
 486640.00    30.4801993950   114.5661793449     25.684      1.702    -14.545   -0.082 
 486641.00    30.4800687370   114.5661969475     25.648      1.687    -14.415   -0.037 
 486642.00    30.4799393326   114.5662145921     25.598      1.696    -14.287   -0.079 
 486643.00    30.4798110069   114.5662328413     25.580      1.790    -14.181   -0.019 
 486644.00    30.4796835174   114.5662517685     25.529      1.802    -14.087   -0.050 
 486645.00    30.4795570039   114.5662700048     25.502      1.723    -13.898   -0.030 
 486646.00    30.4794333979   114.5662880779     25.528      1.746    -13.523    0.013 
 486647.00    30.4793132854   114.5663062613     25.528      1.741    -13.091    0.009 
 486648.00    30.4791976573   114.5663238705     25.510      1.623    -12.441   -0.040 
 486649.00    30.4790906630   114.5663392956     25.496      1.390    -11.435   -0.046 
 486650.00    30.4789917705   114.5663528446     25.539      1.214    -10.312    0.049 
 486651.00    30.4789059489   114.5663649850     25.514      1.089     -8.730   -0.033 
 486652.00    30.4788336141   114.5663758761     25.516      0.970     -7.444    0.005 
 486653.00    30.4787720154   114.5663858477     25.499      0.880     -6.073   -0.031 
 486654.00    30.4787250890   114.5663950558     25.471      0.771     -4.330    0.001 
 486655.00    30.4786906196   114.5664034113     25.478      0.721     -3.404    0.028 
 486656.00    30.4786642462   114.5664113767     25.494      0.658     -2.588    0.032 
 486657.00    30.4786410986   114.5664200177     25.510      0.795     -2.571    0.014 
 486658.00    30.4786202397   114.5664301846     25.539      0.882     -2.165   -0.012 
 486659.00    30.4786028761   114.5664421871     25.552      1.002     -1.801    0.004 
 486660.00    30.4785881256   114.5664552016     25.551      1.228     -1.733    0.004 
 486661.00    30.4785720244   114.5664694683     25.554      1.386     -1.967   -0.012 
 486662.00    30.4785509318   114.5664841540     25.549      1.427     -2.372   -0.018 
 486663.00    30.4785279776   114.5664965651     25.548      1.274     -2.666   -0.015 
 486664.00    30.4785019311   114.5665071143     25.565      1.115     -3.038   -0.003 
 486665.00    30.4784723135   114.5665175333     25.550      1.045     -3.338   -0.037 
 486666.00    30.4784476634   114.5665274041     25.513      0.681     -1.944   -0.025 
 486667.00    30.4784310009   114.5665355660     25.493      0.781     -1.900   -0.018 
 486668.00    30.4784139934   114.5665460367     25.458      0.970     -1.909   -0.049 
 486669.00    30.4783971768   114.5665598594     25.423      1.365     -2.052   -0.047 
 486670.00    30.4783791469   114.5665797536     25.374      2.027     -2.173   -0.049 
 486671.00    30.4783601583   114.5666107118     25.301      3.394     -2.312   -0.100 
 486672.00    30.4783423658   114.5666559409     25.209      4.743     -1.935   -0.104 
 486673.00    30.4783292035   114.5667146678     25.089      6.108     -1.415   -0.080 
 486674.00    30.4783195915   114.5667848510     24.964      7.128     -0.865   -0.168 
 486675.00    30.4783150214   114.5668639780     24.803      7.905     -0.350   -0.162 
 486676.00    30.4783143023   114.5669502874     24.649      8.601      0.030   -0.157 
 486677.00    30.4783154337   114.5670435447     24.500      9.260      0.157   -0.147 
 486678.00    30.4783167120   114.5671433594     24.337      9.881      0.123   -0.148 
 486679.00    30.4783173597   114.5672495594     24.155     10.538      0.017   -0.244 
 486680.00    30.4783165999   114.5673623927     23.951     11.030     -0.138   -0.189 
 486681.00    30.4783148028   114.5674763292     23.768     10.846     -0.236   -0.179 
 486682.00    30.4783128462   114.5675877985     23.574     10.525     -0.182   -0.208 
 486683.00    30.4783120221   114.5676952553     23.404     10.155     -0.007   -0.180 
 486684.00    30.4783126381   114.5677999777     23.232      9.935      0.103   -0.202 
 486685.00    30.4783139448   114.5679022059     23.063      9.697      0.172   -0.162 
 486686.00    30.4783168755   114.5680022485     22.883      9.532      0.434   -0.169 
 486687.00    30.4783222396   114.5681016674     22.712      9.526      0.695   -0.175 
 486688.00    30.4783295719   114.5682025464     22.558      9.865      0.857   -0.164 
 486689.00    30.4783363602   114.5683080835     22.390     10.432      0.641   -0.151 
 486690.00    30.4783406468   114.5684193300     22.225     10.991      0.359   -0.138 
 486691.00    30.4783423239   114.5685368366     22.037     11.562      0.104   -0.226 
 486692.00    30.4783423119   114.5686577105     21.837     11.637     -0.073   -0.187 
 486693.00    30.4783416447   114.5687815099     21.646     12.115     -0.080   -0.231 
 486694.00    30.4783406587   114.5689092864     21.422     12.521     -0.149   -0.226 
 486695.00    30.4783394858   114.5690417010     21.192     12.776     -0.113   -0.149 
 486696.00    30.4783388978   114.5691752230     20.978     12.860     -0.039   -0.214 
 486697.00    30.4783388968   114.5693109596     20.668     13.230      0.021   -0.439 
 486698.00    30.4783393782   114.5694500404     20.496     13.377      0.116   -0.285 
 486699.00    30.4783399040   114.5695885430     20.259     13.287      0.039   -0.255 
 486700.00    30.4783394779   114.5697271215     20.031     13.378     -0.108   -0.235 
 486701.00    30.4783379210   114.5698673014     19.806     13.580     -0.221   -0.231 
 486702.00    30.4783353593   114.5700098801     19.572     13.843     -0.298   -0.259 
 486703.00    30.4783333829   114.5701561390     19.322     14.266     -0.147   -0.252 
 486704.00    30.4783331052   114.5703076413     19.056     14.785      0.021   -0.233 
 486705.00    30.4783337712   114.5704641691     18.798     15.205      0.119   -0.299 
 486706.00    30.4783347217   114.5706233643     18.529     15.454      0.093   -0.238 
 486707.00    30.4783353085   114.5707856940     18.282     15.722      0.037   -0.275 
 486708.00    30.4783351418   114.5709494659     18.058     15.804     -0.038   -0.216 
 486709.00    30.4783344132   114.5711147474     17.894     15.982     -0.116   -0.102 
 486710.00    30.4783332151   114.5712821010     17.797     16.156     -0.154   -0.069 
 486711.00    30.4783318196   114.5714510159     17.723     16.301     -0.127   -0.066 
 486712.00    30.4783311698   114.5716215093     17.651     16.455     -0.037   -0.075 
 486713.00    30.4783312403   114.5717938745     17.592     16.637      0.014   -0.047 
 486714.00    30.4783313762   114.5719678329     17.522     16.771      0.035   -0.098 
 486715.00    30.4783316701   114.5721429861     17.444     16.895      0.048   -0.072 
 486716.00    30.4783321625   114.5723196804     17.332     16.967      0.019   -0.075 
 486717.00    30.4783312776   114.5724962462     17.242     17.020     -0.158   -0.109 
 486718.00    30.4783296880   114.5726746304     17.149     17.216     -0.158   -0.109 
 486719.00    30.4783284169   114.5728531742     17.083     17.031     -0.114   -0.096 
 486720.00    30.4783275076   114.5730297306     16.998     16.854     -0.070   -0.084 
 486721.00    30.4783274103   114.5732036264     16.902     16.542      0.069   -0.044 
 486722.00    30.4783277730   114.5733743249     16.838     16.271      0.065   -0.078 
 486723.00    30.4783287042   114.5735428794     16.757     16.107      0.137   -0.091 
 486724.00    30.4783298636   114.5737097886     16.685     15.970      0.049   -0.046 
 486725.00    30.4783295202   114.5738751308     16.635     15.829     -0.141   -0.026 
 486726.00    30.4783271615   114.5740394280     16.569     15.759     -0.298   -0.058 
 486727.00    30.4783240807   114.5742034382     16.469     15.748     -0.334   -0.114 
 486728.00    30.4783211652   114.5743675901     16.359     15.774     -0.300   -0.048 
 486729.00    30.4783186893   114.5745318818     16.350     15.754     -0.214   -0.035 
 486730.00    30.4783170202   114.5746963803     16.267     15.802     -0.147   -0.051 
 486731.00    30.4783162908   114.5748614324     16.187     15.858     -0.052   -0.054 
 486732.00    30.4783157108   114.5750272006     16.118     15.939     -0.077   -0.049 
 486733.00    30.4783146503   114.5751936414     16.079     16.024     -0.152   -0.004 
 486734.00    30.4783133770   114.5753608306     16.117     16.084     -0.127    0.042 
 486735.00    30.4783122006   114.5755287200     16.184     16.152     -0.111    0.090 
 486736.00    30.4783113694   114.5756971432     16.279     16.191     -0.065    0.140 
 486737.00    30.4783113287   114.5758664701     16.417     16.305      0.031    0.163 
 486738.00    30.4783118933   114.5760373267     16.509     16.522      0.046    0.088 
 486739.00    30.4783123730   114.5762107494     16.597     16.778      0.042    0.121 
 486740.00    30.4783128927   114.5763869762     16.708     17.058      0.061    0.070 
 486741.00    30.4783128962   114.5765659836     16.806     17.338     -0.078    0.100 
 486742.00    30.4783112311   114.5767477645     16.920     17.601     -0.246    0.101 
 486743.00    30.4783088766   114.5769324791     17.015     17.867     -0.266    0.128 
 486744.00    30.4783066273   114.5771197044     17.119     17.967     -0.252    0.152 
 486745.00    30.4783044947   114.5773065089     17.225     17.997     -0.232    0.101 
 486746.00    30.4783025320   114.5774945467     17.313     18.041     -0.203    0.143 
 486747.00    30.4783010197   114.5776825507     17.401     18.074     -0.124   -0.120 
 486748.00    30.4782996425   114.5778690348     17.513     17.867     -0.159    0.167 
 486749.00    30.4782985626   114.5780553086     17.613     17.914     -0.035   -0.065 
 486750.00    30.4782984301   114.5782418559     17.739     17.917      0.014    0.152 
 486751.00    30.4782986859   114.5784272183     17.869     17.602      0.024    0.144 
 486752.00    30.4782987634   114.5786082145     17.967     17.162     -0.015    0.078 
 486753.00    30.4782981163   114.5787845683     18.072     16.699     -0.109    0.135 
 486754.00    30.4782965953   114.5789563457     18.191     16.276     -0.172    0.111 
 486755.00    30.4782947555   114.5791238213     18.276     15.888     -0.152    0.077 
 486756.00    30.4782947069   114.5792880409     18.379     15.605      0.024    0.101 
 486757.00    30.4782942994   114.5794483650     18.478     15.181     -0.032    0.070 
 486758.00    30.4782946327   114.5796019736     18.554     14.359      0.034    0.144 
 486759.00    30.4782951197   114.5797461031     18.650     13.140      0.035    0.086 
 486760.00    30.4782948090   114.5798735486     18.717     11.269     -0.048    0.101 
 486761.00    30.4782949560   114.5799766541     18.765      8.330      0.040    0.062 
 486762.00    30.4782957192   114.5800448477     18.808      4.679      0.074    0.012 
 486763.00    30.4782962384   114.5800754991     18.825      1.778      0.034    0.021 
 486764.00    30.4782964108   114.5800851534     18.831      0.096     -0.005    0.019 
 486765.00    30.4782964071   114.5800849770     18.839      0.006      0.014   -0.026 
 486766.00    30.4782964078   114.5800849713     18.839     -0.002     -0.008    0.013 
 486767.00    30.4782964106   114.5800849697     18.839     -0.004     -0.003    0.004 
 486768.00    30.4782964133   114.5800849679     18.838      0.001      0.011   -0.029 
 486769.00    30.4782964184   114.5800849647     18.836      0.001     -0.004    0.016 
 486770.00    30.4782964228   114.5800849633     18.835      0.005     -0.013    0.029 
 486771.00    30.4782964253   114.5800849592     18.835      0.002     -0.011    0.028 
 486772.00    30.4782964225   114.5800849581     18.835     -0.002     -0.006    0.012 
 486773.00    30.4782964138   114.5800849610     18.836     -0.003      0.001   -0.005 
 486774.00    30.4782964112   114.5800849650     18.838     -0.001      0.002   -0.004 
 486775.00    30.4782964115   114.5800849698     18.839     -0.003     -0.003    0.001 
 486776.00    30.4782964081   114.5800849747     18.840     -0.001      0.002   -0.003 
 486777.00    30.4782964106   114.5800849771     18.841      0.003     -0.000   -0.001 
 486778.00    30.4782964090   114.5800849806     18.841      0.002      0.001   -0.002 
 486779.00    30.4782964067   114.5800849905     18.841     -0.003     -0.007    0.012 
 486780.00    30.4782964051   114.5800849937     18.841     -0.001      0.007   -0.018 
 486781.00    30.4782964049   114.5800849932     18.840      0.001      0.017   -0.035 
 486782.00    30.4782964057   114.5800849916     18.840     -0.003      0.015   -0.035 
 486783.00    30.4782964054   114.5800849910     18.840     -0.002      0.015   -0.035 
 486784.00    30.4782964033   114.5800849893     18.840     -0.001      0.011   -0.025 
 486785.00    30.4782963993   114.5800849851     18.839     -0.002      0.006   -0.010 
 486786.00    30.4782964006   114.5800849770     18.840      0.001      0.006   -0.012 
 486787.00    30.4782963975   114.5800849743     18.840      0.005      0.008   -0.014 
 486788.00    30.4782963989   114.5800849775     18.840      0.006      0.013   -0.024 
 486789.00    30.4782964029   114.5800849821     18.840      0.002      0.015   -0.031 
 486790.00    30.4782964094   114.5800849863     18.840     -0.002      0.018   -0.036 
 486791.00    30.4782964139   114.5800849845     18.839     -0.000      0.017   -0.038 
 486792.00    30.4782964172   114.5800849790     18.838     -0.003      0.004   -0.013 
 486793.00    30.4782964245   114.5800849701     18.836     -0.002     -0.008    0.013 
 486794.00    30.4782964288   114.5800849675     18.835     -0.001     -0.012    0.022 
 486795.00    30.4782964271   114.5800849736     18.834      0.007     -0.007    0.015 
 486796.00    30.4782964205   114.5800849824     18.833      0.006      0.003   -0.004 
 486797.00    30.4782964154   114.5800849909     18.832      0.010     -0.014    0.026 
 486798.00    30.4782964131   114.5800849913     18.831      0.001      0.012   -0.022 
 486799.00    30.4782964163   114.5800849910     18.831      0.001     -0.007    0.018 
 486800.00    30.4782964179   114.5800849892     18.831      0.000      0.017   -0.034 
 486801.00    30.4782964192   114.5800849890     18.830     -0.004     -0.008    0.012 
 486802.00    30.4782964227   114.5800849854     18.830      0.001      0.019   -0.039 
 486803.00    30.4782964299   114.5800849807     18.830     -0.010     -0.008    0.012 
 486804.00    30.4782964358   114.5800849781     18.830      0.001      0.012   -0.021 
 486805.00    30.4782964342   114.5800849784     18.831     -0.004     -0.014    0.027 
 486806.00    30.4782964288   114.5800849816     18.831      0.007      0.007   -0.014 
 486807.00    30.4782964246   114.5800849826     18.831      0.002     -0.008    0.017 
 486808.00    30.4782964212   114.5800849852     18.832     -0.002     -0.013    0.030 
 486809.00    30.4782964172   114.5800849855     18.833      0.004      0.002   -0.002 
 486810.00    30.4782964136   114.5800849841     18.832     -0.001     -0.005    0.008 
 486811.00    30.4782964102   114.5800849826     18.831      0.003      0.013   -0.029 
 486812.00    30.4782964068   114.5800849850     18.830     -0.002     -0.007    0.009 
 486813.00    30.4782964078   114.5800849847     18.829      0.001      0.016   -0.028 
 486814.00    30.4782964117   114.5800849870     18.828      0.003     -0.007    0.013 
 486815.00    30.4782964203   114.5800849872     18.828      0.001      0.012   -0.022 
 486816.00    30.4782964237   114.5800849864     18.829      0.005     -0.015    0.035 
 486817.00    30.4782964235   114.5800849826     18.830      0.003      0.008   -0.016 
 486818.00    30.4782964164   114.5800849843     18.831     -0.001     -0.012    0.025 
 486819.00    30.4782964163   114.5800852609     18.832      0.123      0.008   -0.005 
 486820.00    30.4782965865   114.5800924558     18.841      1.478      0.042    0.012 
 486821.00    30.4782973521   114.5801174303     18.852      3.349      0.120    0.021 
 486822.00    30.4782987210   114.5801620407     18.859      5.187      0.166   -0.012 
 486823.00    30.4783002544   114.5802240083     18.875      6.691      0.178    0.056 
 486824.00    30.4783012047   114.5803001662     18.896      7.962      0.053   -0.006 
 486825.00    30.4783002363   114.5803885907     18.907      9.000     -0.176    0.008 
 486826.00    30.4782981178   114.5804871006     18.895      9.921     -0.212    0.027 
 486827.00    30.4782961748   114.5805955507     18.868     10.864     -0.214   -0.037 
 486828.00    30.4782943707   114.5807120462     18.826     11.258     -0.162   -0.012 
 486829.00    30.4782932569   114.5808284437     18.775     11.119     -0.101    0.030 
 486830.00    30.4782927295   114.5809448577     18.764     11.298     -0.003   -0.067 
 486831.00    30.4782921634   114.5810644050     18.703     11.644     -0.080   -0.040 
 486832.00    30.4782913931   114.5811878195     18.642     12.073     -0.083   -0.087 
 486833.00    30.4782904841   114.5813153885     18.598     12.437     -0.090   -0.056 
 486834.00    30.4782904317   114.5814471039     18.562     12.828      0.055   -0.007 
 486835.00    30.4782911562   114.5815826107     18.519     13.150      0.090   -0.056 
 486836.00    30.4782918620   114.5817207767     18.500     13.399      0.062   -0.006 
 486837.00    30.4782917530   114.5818619030     18.452     13.725     -0.090   -0.030 
 486838.00    30.4782903237   114.5820065003     18.398     14.012     -0.174   -0.092 
 486839.00    30.4782884780   114.5821519813     18.334     13.953     -0.213   -0.030 
 486840.00    30.4782872404   114.5822983041     18.278     14.157     -0.105   -0.010 
 486841.00    30.4782864607   114.5824472357     18.226     14.442     -0.105   -0.049 
 486842.00    30.4782854348   114.5825989628     18.168     14.695     -0.096   -0.083 
 486843.00    30.4782846509   114.5827523432     18.091     14.746     -0.055   -0.093 
 486844.00    30.4782842152   114.5829066932     18.052     14.872     -0.029   -0.057 
 486845.00    30.4782835725   114.5830606609     17.964     14.747     -0.082   -0.216 
 486846.00    30.4782822731   114.5832147998     17.721     14.908     -0.132   -0.244 
 486847.00    30.4782812728   114.5833715645     17.501     15.210     -0.127   -0.178 
 486848.00    30.4782798868   114.5835316430     17.293     15.548     -0.192   -0.210 
 486849.00    30.4782784864   114.5836953515     17.072     15.891     -0.083   -0.227 
 486850.00    30.4782782581   114.5838628312     16.846     16.254      0.011   -0.290 
 486851.00    30.4782785077   114.5840341606     16.608     16.656      0.053   -0.267 
 486852.00    30.4782788138   114.5842093072     16.380     16.975      0.008   -0.213 
 486853.00    30.4782786089   114.5843879303     16.123     17.323     -0.051   -0.265 
 486854.00    30.4782776540   114.5845698024     15.869     17.606     -0.148   -0.252 
 486855.00    30.4782758536   114.5847544265     15.592     17.873     -0.240   -0.317 
 486856.00    30.4782735642   114.5849417616     15.323     18.085     -0.256   -0.237 
 486857.00    30.4782716904   114.5851305432     15.092     18.078     -0.163   -0.239 
 486858.00    30.4782710030   114.5853174271     14.847     17.830     -0.017   -0.205 
 486859.00    30.4782708013   114.5855027878     14.607     17.820     -0.023   -0.369 
 486860.00    30.4782700144   114.5856884280     14.378     17.835     -0.091   -0.135 
 486861.00    30.4782693300   114.5858733854     14.295     17.662     -0.067   -0.053 
 486862.00    30.4782688068   114.5860563955     14.263     17.489     -0.050    0.031 
 486863.00    30.4782685251   114.5862379349     14.348     17.382     -0.029    0.133 
 486864.00    30.4782683338   114.5864178775     14.497     17.185     -0.032    0.164 
 486865.00    30.4782680236   114.5865961582     14.611     17.039     -0.016    0.119 
 486866.00    30.4782676022   114.5867729272     14.762     16.882     -0.064    0.159 
 486867.00    30.4782665797   114.5869477739     14.930     16.715     -0.179    0.228 
 486868.00    30.4782640312   114.5871208314     15.073     16.561     -0.331    0.129 
 486869.00    30.4782618404   114.5872928156     15.219     16.460     -0.161    0.168 
 486870.00    30.4782612410   114.5874634962     15.362     16.247      0.010    0.102 
 486871.00    30.4782614062   114.5876304721     15.522     15.866      0.030    0.148 
 486872.00    30.4782618118   114.5877934227     15.671     15.477      0.039    0.171 
 486873.00    30.4782617053   114.5879529455     15.819     15.170     -0.086    0.202 
 486874.00    30.4782602383   114.5881096718     15.941     14.936     -0.218    0.119 
 486875.00    30.4782585414   114.5882650043     16.082     14.891     -0.154    0.156 
 486876.00    30.4782576634   114.5884188321     16.230     14.573     -0.059    0.143 
 486877.00    30.4782574731   114.5885697833     16.384     14.488      0.003    0.155 
 486878.00    30.4782577221   114.5887207604     16.548     14.446      0.044    0.171 
 486879.00    30.4782582146   114.5888707730     16.663     14.379      0.032    0.098 
 486880.00    30.4782580958   114.5890199543     16.756     14.267     -0.080    0.133 
 486881.00    30.4782570417   114.5891676352     16.869     14.126     -0.185    0.124 
 486882.00    30.4782549198   114.5893137213     17.016     13.916     -0.283    0.189 
 486883.00    30.4782519573   114.5894569131     17.131     13.652     -0.343    0.071 
 486884.00    30.4782496696   114.5895980839     17.262     13.441     -0.160    0.107 
 486885.00    30.4782487542   114.5897363019     17.374     13.074     -0.077    0.099 
 486886.00    30.4782484262   114.5898701995     17.499     12.639     -0.001    0.116 
 486887.00    30.4782487643   114.5899995096     17.620     12.184      0.075    0.091 
 486888.00    30.4782494397   114.5901249681     17.727     12.035      0.065    0.149 
 486889.00    30.4782499273   114.5902515949     17.849     12.287      0.050    0.106 
 486890.00    30.4782499989   114.5903791995     17.970     12.166     -0.018    0.138 
 486891.00    30.4782495922   114.5905062776     18.095     12.330     -0.025    0.038 
 486892.00    30.4782488576   114.5906361755     18.204     12.594     -0.106    0.160 
 486893.00    30.4782478911   114.5907680586     18.318     12.746     -0.098    0.096 
 486894.00    30.4782470156   114.5908999864     18.424     12.493     -0.089    0.102 
 486895.00    30.4782462950   114.5910274222     18.537     11.805     -0.070    0.142 
 486896.00    30.4782457058   114.5911421143     18.658     10.153     -0.053    0.106 
 486897.00    30.4782454085   114.5912336790     18.750      7.111     -0.020    0.085 
 486898.00    30.4782453515   114.5912874176     18.807      3.108      0.001    0.037 
 486899.00    30.4782453528   114.5913018608     18.825     -0.171     -0.019    0.031 
 486900.00    30.4782453336   114.5913015288     18.840      0.000     -0.011    0.027 
 486901.00    30.4782453285   114.5913015123     18.841      0.001     -0.007    0.014 
 486902.00    30.4782453272   114.5913015154     18.840     -0.001     -0.012    0.025 
 486903.00    30.4782453289   114.5913015177     18.839     -0.001     -0.002    0.005 
 486904.00    30.4782453300   114.5913015234     18.838      0.001      0.013   -0.027 
 486905.00    30.4782453286   114.5913015265     18.838      0.002      0.007   -0.007 
 486906.00    30.4782453305   114.5913015225     18.837      0.004     -0.006    0.013 
 486907.00    30.4782453395   114.5913015148     18.835     -0.007     -0.004    0.010 
 486908.00    30.4782453366   114.5913015063     18.834      0.002      0.004   -0.005 
 486909.00    30.4782453390   114.5913015008     18.834     -0.001      0.004   -0.008 
 486910.00    30.4782453390   114.5913014963     18.833     -0.007     -0.001    0.001 
 486911.00    30.4782453390   114.5913014954     18.833     -0.001     -0.005    0.007 
 486912.00    30.4782453428   114.5913015017     18.832      0.001     -0.001   -0.002 
 486913.00    30.4782453429   114.5913015092     18.831      0.002      0.002   -0.005 
 486914.00    30.4782453383   114.5913015103     18.830      0.002      0.002   -0.006 
 486915.00    30.4782453345   114.5913015091     18.829      0.002      0.003   -0.003 
 486916.00    30.4782453327   114.5913015085     18.829      0.004      0.001    0.000 
 486917.00    30.4782453330   114.5913015090     18.829      0.001     -0.005    0.013 
 486918.00    30.4782453340   114.5913015112     18.829     -0.001     -0.003    0.008 
 486919.00    30.4782453350   114.5913015160     18.829     -0.005     -0.007    0.013 
 486920.00    30.4782453401   114.5913015200     18.830     -0.003     -0.002    0.004 
 486921.00    30.4782453438   114.5913015247     18.831      0.001     -0.001    0.001 
 486922.00    30.4782453461   114.5913015219     18.831     -0.005      0.003   -0.009 
 486923.00    30.4782453465   114.5913015150     18.831      0.002      0.008   -0.016 
 486924.00    30.4782453474   114.5913015132     18.830      0.005      0.006   -0.009 
 486925.00    30.4782453458   114.5913015151     18.829      0.003     -0.001    0.002 
 486926.00    30.4782453501   114.5913015228     18.827      0.001     -0.006    0.016 
 486927.00    30.4782453522   114.5913015264     18.826     -0.005     -0.009    0.016 
 486928.00    30.4782453512   114.5913015245     18.826      0.001     -0.002    0.002 
 486929.00    30.4782453523   114.5913015198     18.826      0.004      0.000   -0.001 
 486930.00    30.4782453515   114.5913015169     18.827      0.000      0.004   -0.011 
 486931.00    30.4782453448   114.5913015186     18.828     -0.000      0.007   -0.014 
 486932.00    30.4782453401   114.5913015257     18.829     -0.003      0.003   -0.007 
 486933.00    30.4782453378   114.5913015287     18.829     -0.001     -0.005    0.011 
 486934.00    30.4782453398   114.5913015301     18.829      0.006     -0.005    0.013 
 486935.00    30.4782453409   114.5913015302     18.830      0.000     -0.009    0.019 
 486936.00    30.4782453388   114.5913015298     18.831      0.005     -0.004    0.010 
 486937.00    30.4782453374   114.5913015305     18.831     -0.002      0.005   -0.009 
 486938.00    30.4782453361   114.5913015299     18.831     -0.002      0.009   -0.016 
 486939.00    30.4782453364   114.5913015274     18.830     -0.002      0.004   -0.008 
 486940.00    30.4782453382   114.5913015231     18.829     -0.001      0.010   -0.016 
 486941.00    30.4782453433   114.5913015216     18.829      0.005      0.000    0.002 
 486942.00    30.4782453477   114.5913015213     18.829      0.001     -0.006    0.018 
 486943.00    30.4782453501   114.5913015207     18.829     -0.001     -0.011    0.017 
 486944.00    30.4782453459   114.5913015236     18.829     -0.002     -0.009    0.015 
 486945.00    30.4782453441   114.5913015196     18.828      0.001      0.001   -0.000 
 486946.00    30.4782453390   114.5913015119     18.828     -0.001      0.007   -0.016 
 486947.00    30.4782453308   114.5913015013     18.828     -0.004      0.010   -0.018 
 486948.00    30.4782453218   114.5913014986     18.829     -0.001      0.005   -0.013 
 486949.00    30.4782453143   114.5913015016     18.831      0.003     -0.011    0.023 
 486950.00    30.4782453105   114.5913015063     18.832     -0.004     -0.008    0.016 
 486951.00    30.4782453089   114.5913015054     18.833     -0.005     -0.002    0.003 
 486952.00    30.4782453137   114.5913014992     18.834     -0.001      0.002   -0.001 
 486953.00    30.4782453201   114.5913014938     18.834      0.002      0.003   -0.008 
 486954.00    30.4782453222   114.5913014890     18.834      0.000      0.004   -0.005 
 486955.00    30.4782453223   114.5913014852     18.834      0.002      0.004   -0.004 
 486956.00    30.4782453224   114.5913014872     18.835      0.002      0.000    0.003 
 486957.00    30.4782453205   114.5913014940     18.835      0.003      0.000    0.000 
 486958.00    30.4782453186   114.5913015011     18.834      0.003     -0.004    0.006 
 486959.00    30.4782453188   114.5913015021     18.833     -0.002     -0.006    0.011 
 486960.00    30.4782453199   114.5913015061     18.832     -0.003     -0.006    0.008 
 486961.00    30.4782453220   114.5913015097     18.831      0.001     -0.003    0.005 
 486962.00    30.4782453246   114.5913015085     18.830      0.000     -0.001   -0.002 
 486963.00    30.4782453323   114.5913015008     18.830      0.002      0.006   -0.007 
 486964.00    30.4782453270   114.5913014990     18.831      0.008      0.004   -0.011 
 486965.00    30.4782453170   114.5913015052     18.831     -0.014      0.003    0.002 
 486966.00    30.4782453094   114.5913022316     18.834      0.445      0.006   -0.014 
 486967.00    30.4782453041   114.5913146563     18.856      2.048      0.000    0.018 
 486968.00    30.4782451859   114.5913452807     18.898      3.810     -0.023    0.073 
 486969.00    30.4782447238   114.5913932621     18.962      5.352     -0.063    0.041 
 486970.00    30.4782435913   114.5914557401     19.052      6.624     -0.182    0.149 
 486971.00    30.4782417079   114.5915289653     19.170      7.413     -0.215    0.067 
 486972.00    30.4782399340   114.5916114035     19.145      8.399     -0.171   -0.050 
 486973.00    30.4782391525   114.5917043726     19.046      9.447     -0.003   -0.108 
 486974.00    30.4782392720   114.5918086172     18.964     10.600     -0.005   -0.050 
 486975.00    30.4782393193   114.5919237200     18.892     11.544      0.001   -0.029 
 486976.00    30.4782392436   114.5920488755     18.820     12.450     -0.031   -0.047 
 486977.00    30.4782384493   114.5921826375     18.802     13.218     -0.093   -0.045 
 486978.00    30.4782372911   114.5923237073     18.684     13.693     -0.110   -0.106 
 486979.00    30.4782361244   114.5924660979     18.619     13.746     -0.130   -0.012 
 486980.00    30.4782352748   114.5926110448     18.576     14.134     -0.086   -0.073 
 486981.00    30.4782343400   114.5927604025     18.506     14.557     -0.113   -0.059 
 486982.00    30.4782337221   114.5929143181     18.456     14.976     -0.027   -0.029 
 486983.00    30.4782339315   114.5930724637     18.386     15.322      0.059   -0.048 
 486984.00    30.4782346742   114.5932315878     18.325     15.277      0.041   -0.069 
 486985.00    30.4782344328   114.5933911403     18.252     15.388     -0.078   -0.055 
 486986.00    30.4782332112   114.5935516728     18.181     15.443     -0.157   -0.054 
 486987.00    30.4782319311   114.5937129882     18.112     15.529     -0.148   -0.049 
 486988.00    30.4782307452   114.5938745903     18.047     15.499     -0.097    0.003 
 486989.00    30.4782308648   114.5940357457     17.988     15.447      0.091   -0.034 
 486990.00    30.4782328352   114.5941967900     17.928     15.471      0.309   -0.050 
 486991.00    30.4782353735   114.5943578330     17.853     15.421      0.207   -0.053 
 486992.00    30.4782362138   114.5945181935     17.795     15.419     -0.010   -0.056 
 486993.00    30.4782347000   114.5946788542     17.727     15.456     -0.276   -0.046 
 486994.00    30.4782311799   114.5948402894     17.658     15.538     -0.472   -0.038 
 486995.00    30.4782268169   114.5950024130     17.593     15.634     -0.475   -0.075 
 486996.00    30.4782230889   114.5951658874     17.506     15.719     -0.308   -0.027 
 486997.00    30.4782216716   114.5953299490     17.455     15.797     -0.068   -0.109 
 486998.00    30.4782217545   114.5954952971     17.395     15.962      0.059   -0.066 
 486999.00    30.4782228051   114.5956623490     17.324     16.120      0.147   -0.072 
 487000.00    30.4782237619   114.5958312816     17.254     16.327      0.049   -0.075 
 487001.00    30.4782233385   114.5960023553     17.164     16.539     -0.069   -0.130 
 487002.00    30.4782223512   114.5961754070     17.083     16.654     -0.117   -0.107 
 487003.00    30.4782211043   114.5963469832     17.016     16.282     -0.142   -0.050 
 487004.00    30.4782196910   114.5965146563     16.941     15.913     -0.173   -0.050 
 487005.00    30.4782181447   114.5966784758     16.883     15.548     -0.179   -0.064 
 487006.00    30.4782165544   114.5968383806     16.847     15.169     -0.172   -0.008 
 487007.00    30.4782154740   114.5969942860     16.814     14.772     -0.053   -0.174 
 487008.00    30.4782159411   114.5971466670     16.662     14.459      0.177   -0.062 
 487009.00    30.4782192903   114.5972954394     16.629     14.073      0.512   -0.061 
 487010.00    30.4782250466   114.5974404138     16.582     13.744      0.686   -0.024 
 487011.00    30.4782310066   114.5975841210     16.540     13.895      0.582   -0.031 
 487012.00    30.4782348812   114.5977302309     16.488     14.223      0.324   -0.077 
 487013.00    30.4782362906   114.5978802496     16.437     14.618      0.050   -0.051 
 487014.00    30.4782364553   114.5980345173     16.367     15.007      0.054   -0.087 
 487015.00    30.4782371792   114.5981932319     16.296     15.461      0.101   -0.070 
 487016.00    30.4782381829   114.5983564723     16.228     15.872      0.125   -0.080 
 487017.00    30.4782393287   114.5985239644     16.162     16.214      0.128   -0.077 
 487018.00    30.4782401042   114.5986916576     16.091     15.950      0.041   -0.105 
 487019.00    30.4782391791   114.5988556783     16.030     15.574     -0.195   -0.071 
 487020.00    30.4782376326   114.5990161519     15.956     15.277     -0.141   -0.082 
 487021.00    30.4782364556   114.5991736065     15.890     14.949     -0.127   -0.020 
 487022.00    30.4782355413   114.5993283497     15.828     14.759     -0.089   -0.072 
 487023.00    30.4782349130   114.5994803956     15.764     14.430     -0.056   -0.058 
 487024.00    30.4782345652   114.5996288254     15.689     14.056     -0.022   -0.074 
 487025.00    30.4782345092   114.5997733220     15.630     13.675      0.008   -0.050 
 487026.00    30.4782347334   114.5999125811     15.572     12.990      0.031   -0.076 
 487027.00    30.4782349021   114.6000425920     15.513     11.966      0.011   -0.060 
 487028.00    30.4782348780   114.6001615172     15.468     10.924     -0.044    0.032 
 487029.00    30.4782346594   114.6002731377     15.419     10.517     -0.041   -0.069 
 487030.00    30.4782337594   114.6003791351     15.382      9.734     -0.133   -0.056 
 487031.00    30.4782321158   114.6004748887     15.330      8.731     -0.221   -0.021 
 487032.00    30.4782296825   114.6005620251     15.285      8.108     -0.309   -0.025 
 487033.00    30.4782265336   114.6006442810     15.212      7.710     -0.345   -0.100 
 487034.00    30.4782240596   114.6007221095     15.183      7.224     -0.191    0.005 
 487035.00    30.4782242611   114.6007947755     15.164      6.656      0.177   -0.032 
 487036.00    30.4782293583   114.6008612987     15.150      5.914      0.858   -0.001 
 487037.00    30.4782422440   114.6009194585     15.183      5.027      1.626    0.052 
 487038.00    30.4782607339   114.6009695841     15.189      4.706      2.313   -0.052 
 487039.00    30.4782873359   114.6010198130     15.157      4.738      3.328   -0.030 
 487040.00    30.4783222585   114.6010681294     15.132      4.455      4.217   -0.033 
 487041.00    30.4783666146   114.6011136060     15.055      4.240      5.434   -0.085 
 487042.00    30.4784220050   114.6011558102     14.935      3.711      6.681   -0.100 
 487043.00    30.4784882125   114.6011899992     14.826      2.731      7.846   -0.148 
 487044.00    30.4785610288   114.6012105977     14.691      1.212      8.066   -0.131 
 487045.00    30.4786333869   114.6012156296     14.572     -0.143      7.994   -0.121 
 487046.00    30.4787061284   114.6012109709     14.470     -0.616      8.238   -0.087 
 487047.00    30.4787837503   114.6012043746     14.369     -0.627      9.013   -0.105 
 487048.00    30.4788693690   114.6011982617     14.261     -0.559      9.981   -0.117 
 487049.00    30.4789636462   114.6011938629     14.136     -0.230     10.897   -0.105 
 487050.00    30.4790660642   114.6011921616     14.016     -0.207     11.794   -0.140 
 487051.00    30.4791761826   114.6011895216     13.877     -0.325     12.634   -0.153 
 487052.00    30.4792936822   114.6011853917     13.707     -0.453     13.423   -0.181 
 487053.00    30.4794183182   114.6011805375     13.539     -0.426     14.196   -0.161 
 487054.00    30.4795497100   114.6011767017     13.377     -0.304     14.931   -0.164 
 487055.00    30.4796876512   114.6011734202     13.201     -0.330     15.661   -0.212 
 487056.00    30.4798319836   114.6011700714     13.023     -0.302     16.355   -0.186 
 487057.00    30.4799824423   114.6011668358     12.872     -0.313     17.007   -0.155 
 487058.00    30.4801385991   114.6011635605     12.765     -0.326     17.606   -0.094 
 487059.00    30.4802993443   114.6011600293     12.689     -0.347     17.822   -0.046 
 487060.00    30.4804591574   114.6011560799     12.614     -0.431     17.626   -0.082 
 487061.00    30.4806168812   114.6011518798     12.539     -0.332     17.328   -0.050 
 487062.00    30.4807724740   114.6011485629     12.474     -0.317     17.153   -0.107 
 487063.00    30.4809261368   114.6011450331     12.415     -0.395     16.990   -0.088 
 487064.00    30.4810794964   114.6011402174     12.364     -0.507     17.038   -0.055 
 487065.00    30.4812330981   114.6011352204     12.328     -0.436     16.987   -0.049 
 487066.00    30.4813852190   114.6011308355     12.261     -0.403     16.721   -0.076 
 487067.00    30.4815343383   114.6011266272     12.203     -0.384     16.345   -0.055 
 487068.00    30.4816802027   114.6011225949     12.128     -0.368     15.983   -0.026 
 487069.00    30.4818227717   114.6011188572     12.098     -0.366     15.618   -0.041 
 487070.00    30.4819619764   114.6011152663     12.076     -0.341     15.249    0.045 
 487071.00    30.4820985773   114.6011114941     12.064     -0.373     15.004   -0.112 
 487072.00    30.4822323648   114.6011074393     11.962     -0.381     14.668   -0.069 
 487073.00    30.4823631900   114.6011034365     11.904     -0.381     14.348   -0.057 
 487074.00    30.4824908659   114.6010994657     11.884     -0.378     13.980   -0.022 
 487075.00    30.4826152853   114.6010955024     11.875     -0.392     13.605    0.014 
 487076.00    30.4827363243   114.6010914946     11.880     -0.395     13.224    0.011 
 487077.00    30.4828538877   114.6010875485     11.931     -0.364     12.862    0.093 
 487078.00    30.4829690582   114.6010835811     12.011     -0.417     12.605    0.097 
 487079.00    30.4830814294   114.6010779984     12.097     -0.705     12.332    0.086 
 487080.00    30.4831919752   114.6010691900     12.169     -0.868     12.200    0.080 
 487081.00    30.4833016001   114.6010613318     12.238     -0.605     12.105    0.040 
 487082.00    30.4834104894   114.6010564713     12.304     -0.359     12.037    0.097 
 487083.00    30.4835187390   114.6010533324     12.367     -0.307     11.954    0.044 
 487084.00    30.4836262881   114.6010495081     12.438     -0.433     11.977    0.072 
 487085.00    30.4837356829   114.6010446925     12.508     -0.485     12.267    0.065 
 487086.00    30.4838470946   114.6010402021     12.574     -0.348     12.481    0.043 
 487087.00    30.4839608025   114.6010370893     12.644     -0.254     12.743    0.054 
 487088.00    30.4840764203   114.6010348019     12.735     -0.210     12.899    0.095 
 487089.00    30.4841934772   114.6010325249     12.814     -0.227     12.984    0.137 
 487090.00    30.4843104502   114.6010300069     12.906     -0.243     12.882    0.126 
 487091.00    30.4844251554   114.6010273059     13.008     -0.278     12.583    0.097 
 487092.00    30.4845385205   114.6010243518     13.111     -0.297     12.589    0.086 
 487093.00    30.4846520407   114.6010212037     13.238     -0.281     12.534    0.132 
 487094.00    30.4847647692   114.6010187451     13.369     -0.195     12.542    0.119 
 487095.00    30.4848772883   114.6010168435     13.493     -0.190     12.426    0.180 
 487096.00    30.4849891877   114.6010143254     13.650     -0.324     12.313    0.161 
 487097.00    30.4851002846   114.6010102205     13.787     -0.420     12.380    0.067 
 487098.00    30.4852126455   114.6010059166     13.854     -0.388     12.538    0.044 
 487099.00    30.4853265585   114.6010022446     13.933     -0.299     12.706    0.139 
 487100.00    30.4854419601   114.6009992993     14.048     -0.263     12.876    0.096 
 487101.00    30.4855586622   114.6009968280     14.162     -0.214     13.011    0.073 
 487102.00    30.4856765689   114.6009943349     14.259     -0.252     13.119    0.092 
 487103.00    30.4857952598   114.6009914613     14.394     -0.315     13.146    0.147 
 487104.00    30.4859133069   114.6009879997     14.522     -0.367     13.007    0.138 
 487105.00    30.4860302506   114.6009840626     14.630     -0.382     12.919    0.098 
 487106.00    30.4861463651   114.6009802885     14.725     -0.341     12.834    0.138 
 487107.00    30.4862624628   114.6009770716     14.837     -0.301     12.908    0.079 
 487108.00    30.4863793736   114.6009738205     14.905     -0.341     13.015    0.025 
 487109.00    30.4864970751   114.6009697303     14.955     -0.431     13.029    0.021 
 487110.00    30.4866129261   114.6009655041     14.957     -0.319     12.656    0.003 
 487111.00    30.4867254462   114.6009628724     14.948     -0.191     12.302   -0.002 
 487112.00    30.4868362788   114.6009608383     14.916     -0.207     12.307   -0.029 
 487113.00    30.4869477548   114.6009582964     14.868     -0.285     12.406   -0.050 
 487114.00    30.4870600704   114.6009551536     14.836     -0.331     12.512   -0.039 
 487115.00    30.4871737011   114.6009514234     14.801     -0.386     12.685   -0.028 
 487116.00    30.4872892598   114.6009477631     14.771     -0.315     12.937   -0.047 
 487117.00    30.4874068919   114.6009449454     14.723     -0.222     13.163   -0.062 
 487118.00    30.4875268156   114.6009429663     14.681     -0.174     13.422   -0.025 
 487119.00    30.4876491466   114.6009407731     14.633     -0.266     13.688   -0.038 
 487120.00    30.4877733909   114.6009373521     14.597     -0.357     13.726    0.013 
 487121.00    30.4878955426   114.6009338469     14.614     -0.289     13.190    0.073 
 487122.00    30.4880091063   114.6009313482     14.659     -0.186     11.890    0.034 
 487123.00    30.4881091669   114.6009296713     14.720     -0.140     10.281    0.046 
 487124.00    30.4881938077   114.6009279436     14.790     -0.188      8.372    0.095 
 487125.00    30.4882581607   114.6009248466     14.828     -0.381      5.892    0.003 
 487126.00    30.4883023931   114.6009192118     14.901     -0.787      4.244    0.054 
 487127.00    30.4883336685   114.6009071668     14.944     -1.481      2.714    0.022 
 487128.00    30.4883521194   114.6008903373     14.985     -1.844      1.765    0.015 
 487129.00    30.4883640602   114.6008705740     15.006     -2.207      1.293    0.015 
 487130.00    30.4883719547   114.6008439451     15.023     -3.312      0.910    0.001 
 487131.00    30.4883726172   114.6008081307     15.037     -3.817     -0.247    0.011 
 487132.00    30.4883620418   114.6007725265     15.040     -3.879     -1.561   -0.017 
 487133.00    30.4883376965   114.6007394548     15.004     -3.475     -3.298   -0.054 
 487134.00    30.4883000373   114.6007134339     14.891     -2.604     -4.740   -0.158 
 487135.00    30.4882509702   114.6006981365     14.787     -1.369     -6.040   -0.126 
 487136.00    30.4881917476   114.6006951500     14.729     -0.095     -7.059   -0.055 
 487137.00    30.4881232582   114.6006992492     14.647      0.491     -8.117   -0.084 
 487138.00    30.4880455386   114.6007052404     14.616      0.582     -9.110   -0.029 
 487139.00    30.4879590003   114.6007098805     14.578      0.377    -10.053   -0.003 
 487140.00    30.4878643188   114.6007117459     14.535      0.113    -10.926   -0.044 
 487141.00    30.4877621761   114.6007132214     14.535      0.201    -11.711    0.013 
 487142.00    30.4876533216   114.6007168594     14.572      0.423    -12.434    0.055 
 487143.00    30.4875379300   114.6007216769     14.616      0.467    -13.144    0.043 
 487144.00    30.4874162897   114.6007264612     14.678      0.437    -13.819    0.048 
 487145.00    30.4872885503   114.6007300429     14.704      0.288    -14.500    0.050 
 487146.00    30.4871548785   114.6007328282     14.746      0.282    -15.145    0.079 
 487147.00    30.4870155660   114.6007355430     14.794      0.289    -15.750    0.052 
 487148.00    30.4868718649   114.6007389340     14.840      0.372    -16.028    0.011 
 487149.00    30.4867273717   114.6007433238     14.868      0.467    -15.909    0.052 
 487150.00    30.4865849022   114.6007475289     14.882      0.362    -15.756    0.017 
 487151.00    30.4864431219   114.6007501703     14.863      0.268    -15.686   -0.058 
 487152.00    30.4863015300   114.6007537608     14.805      0.396    -15.645   -0.103 
 487153.00    30.4861616945   114.6007583362     14.703      0.458    -15.349   -0.086 
 487154.00    30.4860241251   114.6007632805     14.579      0.464    -15.201   -0.205 
 487155.00    30.4858862026   114.6007678716     14.441      0.412    -15.329   -0.130 
 487156.00    30.4857481115   114.6007715891     14.314      0.334    -15.376   -0.139 
 487157.00    30.4856080366   114.6007752750     14.165      0.387    -15.584   -0.181 
 487158.00    30.4854678753   114.6007795555     13.999      0.429    -15.558   -0.137 
 487159.00    30.4853268436   114.6007838523     13.859      0.399    -15.724   -0.166 
 487160.00    30.4851852492   114.6007875386     13.712      0.296    -15.644   -0.126 
 487161.00    30.4850439988   114.6007902338     13.567      0.255    -15.729   -0.135 
 487162.00    30.4849012145   114.6007928933     13.424      0.263    -15.929   -0.152 
 487163.00    30.4847576003   114.6007954303     13.264      0.211    -15.824   -0.142 
 487164.00    30.4846163204   114.6007960432     13.119     -0.053    -15.504   -0.118 
 487165.00    30.4844775081   114.6007934057     12.956     -0.349    -15.300   -0.207 
 487166.00    30.4843405152   114.6007895034     12.843     -0.307    -15.008   -0.141 
 487167.00    30.4842064145   114.6007870729     12.732     -0.183    -14.710   -0.114 
 487168.00    30.4840752120   114.6007859241     12.636     -0.056    -14.387   -0.074 
 487169.00    30.4839469642   114.6007865153     12.547      0.135    -14.064   -0.072 
 487170.00    30.4838216741   114.6007895874     12.474      0.440    -13.726   -0.019 
 487171.00    30.4836996523   114.6007963804     12.415      0.764    -13.342   -0.073 
 487172.00    30.4835810008   114.6008060911     12.356      1.017    -12.990   -0.086 
 487173.00    30.4834640717   114.6008165006     12.284      0.947    -13.016   -0.072 
 487174.00    30.4833455916   114.6008250911     12.230      0.747    -13.201   -0.064 
 487175.00    30.4832261941   114.6008305724     12.156      0.347    -13.196   -0.077 
 487176.00    30.4831084638   114.6008305743     12.080     -0.190    -12.871   -0.111 
 487177.00    30.4829936738   114.6008257709     12.001     -0.596    -12.554   -0.070 
 487178.00    30.4828820653   114.6008181996     11.922     -0.755    -12.190   -0.087 
 487179.00    30.4827738662   114.6008089309     11.841     -0.993    -11.785   -0.093 
 487180.00    30.4826693696   114.6007974331     11.780     -1.081    -11.372   -0.054 
 487181.00    30.4825699811   114.6007872762     11.754     -0.894    -10.503   -0.029 
 487182.00    30.4824797008   114.6007790262     11.736     -0.736     -9.583    0.037 
 487183.00    30.4823982791   114.6007700008     11.766     -1.000     -8.572    0.013 
 487184.00    30.4823264073   114.6007525003     11.831     -1.903     -7.450    0.058 
 487185.00    30.4822646023   114.6007250040     11.894     -2.828     -6.196    0.086 
 487186.00    30.4822160567   114.6006856671     11.969     -3.783     -4.682    0.114 
 487187.00    30.4821818182   114.6006390604     12.082     -4.436     -3.316    0.092 
 487188.00    30.4821570105   114.6005835270     12.154     -5.598     -2.548    0.039 
 487189.00    30.4821361908   114.6005177695     12.190     -6.715     -2.243    0.055 
 487190.00    30.4821182657   114.6004414539     12.245     -7.698     -1.847    0.073 
 487191.00    30.4821041749   114.6003552110     12.320     -8.688     -1.401    0.071 
 487192.00    30.4820951131   114.6002586307     12.379     -9.661     -0.729    0.047 
 487193.00    30.4820923531   114.6001522109     12.403    -10.598     -0.036    0.038 
 487194.00    30.4820922349   114.6000376374     12.438    -11.365     -0.061    0.019 
 487195.00    30.4820911527   114.5999156419     12.477    -12.077     -0.170    0.040 
 487196.00    30.4820891592   114.5997862917     12.517    -12.756     -0.272    0.041 
 487197.00    30.4820860861   114.5996499429     12.557    -13.418     -0.402    0.062 
 487198.00    30.4820820019   114.5995067255     12.613    -14.075     -0.473    0.101 
 487199.00    30.4820782978   114.5993564444     12.667    -14.739     -0.349    0.081 
 487200.00    30.4820767882   114.5992022672     12.709    -14.714     -0.038    0.068 
 487201.00    30.4820773981   114.5990478586     12.770    -14.947      0.116    0.045 
 487202.00    30.4820785428   114.5988901915     12.792    -15.331      0.105    0.076 
 487203.00    30.4820791773   114.5987285817     12.849    -15.722      0.000    0.076 
 487204.00    30.4820788684   114.5985632014     12.895    -15.955     -0.044    0.053 
 487205.00    30.4820790580   114.5983963595     12.952    -16.069      0.099    0.047 
 487206.00    30.4820808219   114.5982295374     12.996    -15.931      0.241    0.042 
 487207.00    30.4820824660   114.5980648421     13.037    -15.645      0.122    0.037 
 487208.00    30.4820830565   114.5979042238     13.101    -15.194      0.037    0.087 
 487209.00    30.4820854593   114.5977505535     13.173    -13.994      0.568    0.081 
 487210.00    30.4820939586   114.5976098824     13.242    -13.182      1.172    0.074 
 487211.00    30.4821050522   114.5974744402     13.301    -12.860      1.089    0.075 
 487212.00    30.4821110699   114.5973417355     13.363    -12.768      0.366    0.103 
 487213.00    30.4821126844   114.5972089097     13.482    -12.736      0.110    0.032 
 487214.00    30.4821124929   114.5970767097     13.577    -12.692      0.007    0.082 
 487215.00    30.4821134842   114.5969429699     13.695    -13.015      0.153    0.092 
 487216.00    30.4821144363   114.5968050554     13.733    -13.490      0.050    0.051 
 487217.00    30.4821143445   114.5966622155     13.813    -13.954     -0.080    0.151 
 487218.00    30.4821134841   114.5965146203     13.882    -14.393     -0.117    0.072 
 487219.00    30.4821129867   114.5963624012     13.972    -14.817     -0.025    0.106 
 487220.00    30.4821131306   114.5962058958     14.071    -15.217      0.041    0.086 
 487221.00    30.4821136912   114.5960452865     14.171    -15.618      0.065    0.099 
 487222.00    30.4821140892   114.5958806075     14.311    -16.010      0.049    0.146 
 487223.00    30.4821146510   114.5957117040     14.476    -16.417      0.089    0.159 
 487224.00    30.4821157804   114.5955388596     14.689    -16.788      0.152    0.211 
 487225.00    30.4821171637   114.5953625427     14.944    -17.068      0.158    0.293 
 487226.00    30.4821186547   114.5951840532     15.248    -17.044      0.160    0.339 
 487227.00    30.4821201148   114.5950089268     15.584    -16.601      0.136    0.331 
 487228.00    30.4821209430   114.5948370860     15.919    -16.442      0.073    0.311 
 487229.00    30.4821215867   114.5946664416     16.244    -16.327      0.090    0.291 
 487230.00    30.4821222589   114.5944971354     16.580    -16.246      0.091    0.307 
 487231.00    30.4821229399   114.5943295607     16.899    -15.848      0.048    0.395 
 487232.00    30.4821229823   114.5941669423     17.212    -15.443     -0.079    0.321 
 487233.00    30.4821211988   114.5940070669     17.529    -15.282     -0.300    0.333 
 487234.00    30.4821175153   114.5938487573     17.836    -15.138     -0.500    0.321 
 487235.00    30.4821123247   114.5936922148     18.165    -14.948     -0.589    0.323 
 487236.00    30.4821081092   114.5935380309     18.467    -14.567     -0.297    0.293 
 487237.00    30.4821068878   114.5933878030     18.760    -14.195     -0.017    0.262 
 487238.00    30.4821068124   114.5932426965     19.054    -13.655      0.018    0.232 
 487239.00    30.4821068368   114.5931021777     19.313    -13.383      0.022    0.255 
 487240.00    30.4821071767   114.5929647339     19.544    -12.941      0.080    0.220 
 487241.00    30.4821088166   114.5928323948     19.735    -12.431      0.291    0.148 
 487242.00    30.4821130241   114.5927052790     19.891    -11.943      0.562    0.164 
 487243.00    30.4821175536   114.5925831819     20.004    -11.519      0.431    0.091 
 487244.00    30.4821203472   114.5924659826     20.110    -10.989      0.225    0.117 
 487245.00    30.4821214817   114.5923545364     20.183    -10.456      0.067    0.046 
 487246.00    30.4821213894   114.5922492590     20.238     -9.772     -0.056    0.078 
 487247.00    30.4821210117   114.5921500517     20.279     -9.245      0.035    0.046 
 487248.00    30.4821226434   114.5920558520     20.324     -8.781      0.245    0.011 
 487249.00    30.4821243573   114.5919671175     20.322     -8.147      0.131   -0.058 
 487250.00    30.4821247387   114.5918909382     20.295     -6.437     -0.018    0.009 
 487251.00    30.4821243120   114.5918358072     20.311     -4.031     -0.054    0.019 
 487252.00    30.4821237889   114.5918056410     20.326     -2.373     -0.050    0.015 
 487253.00    30.4821233042   114.5917843409     20.336     -1.633     -0.042   -0.015 
 487254.00    30.4821229680   114.5917723172     20.334     -0.634     -0.012   -0.011 
 487255.00    30.4821229203   114.5917705429     20.336      0.001      0.017   -0.032 
 487256.00    30.4821229187   114.5917705360     20.336      0.003      0.007   -0.013 
 487257.00    30.4821229192   114.5917705359     20.336      0.001      0.006   -0.009 
 487258.00    30.4821229215   114.5917705359     20.337      0.008      0.008   -0.013 
 487259.00    30.4821229232   114.5917705329     20.336      0.002     -0.007    0.017 
 487260.00    30.4821229246   114.5917705302     20.336      0.003     -0.008    0.020 
 487261.00    30.4821229257   114.5917705285     20.336      0.003     -0.007    0.017 
 487262.00    30.4821229267   114.5917705253     20.335      0.004     -0.009    0.020 
 487263.00    30.4821229284   114.5917705269     20.335      0.004     -0.010    0.020 
 487264.00    30.4821229315   114.5917705327     20.334      0.000     -0.012    0.024 
 487265.00    30.4821229306   114.5917705388     20.333      0.013     -0.009    0.021 
 487266.00    30.4821229297   114.5917705442     20.332      0.014     -0.006    0.019 
 487267.00    30.4821229261   114.5917705465     20.331      0.003     -0.017    0.037 
 487268.00    30.4821229204   114.5917705477     20.331      0.006     -0.015    0.036 
 487269.00    30.4821229151   114.5917705455     20.331     -0.002     -0.013    0.026 
 487270.00    30.4821229091   114.5917705396     20.332     -0.003      0.004   -0.008 
 487271.00    30.4821229092   114.5917705381     20.332      0.000      0.016   -0.035 
 487272.00    30.4821229125   114.5917705378     20.332      0.000      0.018   -0.035 
 487273.00    30.4821229176   114.5917705410     20.332     -0.006      0.003   -0.011 
 487274.00    30.4821229204   114.5917705402     20.332      0.002     -0.013    0.028 
 487275.00    30.4821229182   114.5917705387     20.332     -0.005      0.015   -0.034 
 487276.00    30.4821229168   114.5917705371     20.331     -0.001     -0.007    0.010 
 487277.00    30.4821229188   114.5917705333     20.330     -0.008     -0.008    0.013 
 487278.00    30.4821229205   114.5917705305     20.330     -0.001     -0.002    0.002 
 487279.00    30.4821229189   114.5917705250     20.330      0.015     -0.007    0.022 
 487280.00    30.4821229143   114.5917705219     20.330      0.002      0.011   -0.020 
 487281.00    30.4821229116   114.5917705189     20.330      0.008     -0.018    0.039 
 487282.00    30.4821229060   114.5917705153     20.330      0.011      0.018   -0.033 
 487283.00    30.4821229048   114.5917705181     20.331      0.002     -0.008    0.016 
 487284.00    30.4821229055   114.5917705197     20.331     -0.002      0.000    0.000 
 487285.00    30.4821229118   114.5917705245     20.332     -0.003      0.014   -0.027 
 487286.00    30.4821229182   114.5917705284     20.332      0.004     -0.004    0.010 
 487287.00    30.4821229178   114.5917705289     20.333     -0.016      0.008   -0.022 
 487288.00    30.4821229086   114.5917703585     20.334     -0.093     -0.015    0.029 
 487289.00    30.4821227803   114.5917656856     20.340     -1.113     -0.042    0.037 
 487290.00    30.4821221294   114.5917443175     20.337     -3.023     -0.082    0.013 
 487291.00    30.4821212283   114.5917033173     20.374     -4.821     -0.118    0.058 
 487292.00    30.4821197941   114.5916447965     20.398     -6.344     -0.207    0.075 
 487293.00    30.4821181765   114.5915717806     20.465     -7.609     -0.221    0.172 
 487294.00    30.4821168581   114.5914864708     20.524     -8.769     -0.118   -0.008 
 487295.00    30.4821163243   114.5913924359     20.486     -9.244     -0.059   -0.017 
 487296.00    30.4821163757   114.5912925646     20.533     -9.900      0.067    0.088 
 487297.00    30.4821179933   114.5911863492     20.598    -10.456      0.244    0.099 
 487298.00    30.4821200966   114.5910745779     20.709    -10.970      0.203    0.169 
 487299.00    30.4821219589   114.5909581659     20.950    -11.366      0.251    0.220 
 487300.00    30.4821238158   114.5908371320     21.007    -11.877      0.180    0.085 
 487301.00    30.4821255367   114.5907109206     21.084    -12.350      0.182    0.129 
 487302.00    30.4821269051   114.5905798719     21.185    -12.815      0.108    0.117 
 487303.00    30.4821273725   114.5904441116     21.233    -13.283     -0.023    0.036 
 487304.00    30.4821268368   114.5903037249     21.329    -13.656     -0.086    0.108 
 487305.00    30.4821261183   114.5901605801     21.439    -13.657     -0.033    0.122 
 487306.00    30.4821266987   114.5900199430     21.518    -13.288      0.141    0.092 
 487307.00    30.4821285468   114.5898826672     21.613    -13.057      0.225    0.135 
 487308.00    30.4821307153   114.5897476968     21.701    -12.877      0.219    0.073 
 487309.00    30.4821318201   114.5896149214     21.777    -12.582      0.067    0.107 
 487310.00    30.4821321478   114.5894859720     21.855    -12.189     -0.078    0.086 
 487311.00    30.4821297203   114.5893617559     21.943    -11.703     -0.366    0.143 
 487312.00    30.4821267843   114.5892424865     22.018    -11.235     -0.299    0.037 
 487313.00    30.4821247910   114.5891286148     22.099    -10.452     -0.140    0.071 
 487314.00    30.4821242308   114.5890297608     22.150     -8.418     -0.003    0.050 
 487315.00    30.4821244917   114.5889544462     22.188     -5.931      0.024    0.042 
 487316.00    30.4821246158   114.5889078473     22.206     -2.837      0.010    0.005 
 487317.00    30.4821246223   114.5888885514     22.214     -1.173      0.009   -0.013 
 487318.00    30.4821246021   114.5888826474     22.217      0.063     -0.009    0.016 
 487319.00    30.4821245997   114.5888827603     22.224     -0.024     -0.011    0.018 
 487320.00    30.4821245910   114.5888800480     22.229     -0.755     -0.003   -0.012 
 487321.00    30.4821245234   114.5888648269     22.241     -2.392     -0.013    0.027 
 487322.00    30.4821242978   114.5888302744     22.248     -4.224     -0.042    0.003 
 487323.00    30.4821236271   114.5887774858     22.248     -5.867     -0.095    0.004 
 487324.00    30.4821224501   114.5887091046     22.243     -7.229     -0.152    0.009 
 487325.00    30.4821211292   114.5886274790     22.244     -8.408     -0.120   -0.019 
 487326.00    30.4821204613   114.5885340577     22.173     -9.354     -0.010   -0.137 
 487327.00    30.4821211993   114.5884335496     22.043    -10.017      0.155   -0.133 
 487328.00    30.4821226454   114.5883248009     21.942    -10.867      0.158   -0.127 
 487329.00    30.4821240307   114.5882075425     21.804    -11.668      0.125   -0.130 
 487330.00    30.4821256409   114.5880819212     21.592    -12.452      0.194   -0.210 
 487331.00    30.4821278323   114.5879484563     21.377    -13.166      0.228   -0.212 
 487332.00    30.4821291792   114.5878079087     21.157    -13.814      0.118   -0.232 
 487333.00    30.4821301541   114.5876607801     20.916    -14.382      0.147   -0.188 
 487334.00    30.4821323720   114.5875083051     20.659    -14.843      0.310   -0.288 
 487335.00    30.4821350929   114.5873527544     20.392    -14.941      0.298   -0.247 
 487336.00    30.4821381430   114.5871977009     20.147    -14.788      0.379   -0.256 
 487337.00    30.4821412498   114.5870449390     19.897    -14.567      0.280   -0.269 
 487338.00    30.4821433968   114.5868946627     19.702    -14.285      0.237   -0.319 
 487339.00    30.4821453944   114.5867490662     19.420    -13.450      0.189   -0.209 
 487340.00    30.4821467375   114.5866136959     19.196    -12.474      0.127   -0.265 
 487341.00    30.4821474045   114.5864909510     19.012    -11.019      0.047   -0.129 
 487342.00    30.4821478830   114.5863860769     18.881     -9.046      0.069   -0.142 
 487343.00    30.4821486459   114.5863029103     18.708     -6.873      0.067   -0.138 
 487344.00    30.4821491235   114.5862452001     18.589     -4.047      0.030   -0.077 
 487345.00    30.4821492506   114.5862194081     18.542     -1.237      0.001   -0.021 
 487346.00    30.4821492437   114.5862160567     18.547     -0.003     -0.008    0.018 
 487347.00    30.4821492378   114.5862160272     18.547     -0.006     -0.006    0.004 
 487348.00    30.4821492342   114.5862160201     18.546     -0.005      0.002   -0.007 
 487349.00    30.4821492328   114.5862160148     18.545      0.008     -0.004    0.012 
 487350.00    30.4821492341   114.5862160141     18.545      0.004     -0.012    0.027 
 487351.00    30.4821492353   114.5862160198     18.546      0.002      0.009   -0.018 
 487352.00    30.4821492388   114.5862160252     18.546      0.003     -0.005    0.016 
 487353.00    30.4821492364   114.5862160300     18.547      0.007     -0.016    0.034 
 487354.00    30.4821492355   114.5862157991     18.548     -0.148      0.001   -0.006 
 487355.00    30.4821492678   114.5862114331     18.545     -0.797      0.000   -0.014 
 487356.00    30.4821493567   114.5861935643     18.524     -2.732      0.012   -0.047 
 487357.00    30.4821495489   114.5861544746     18.474     -4.728      0.032   -0.079 
 487358.00    30.4821497008   114.5860962452     18.382     -6.402     -0.002   -0.085 
 487359.00    30.4821495980   114.5860220331     18.302     -7.823     -0.005   -0.073 
 487360.00    30.4821494289   114.5859334992     18.192     -9.197     -0.018   -0.102 
 487361.00    30.4821493125   114.5858301013     17.992    -10.624     -0.011   -0.180 
 487362.00    30.4821494716   114.5857122404     17.773    -11.912      0.051   -0.216 
 487363.00    30.4821502829   114.5855869366     17.553    -12.124      0.113   -0.116 
 487364.00    30.4821514430   114.5854591067     17.403    -12.471      0.101   -0.174 
 487365.00    30.4821529052   114.5853264379     17.255    -13.050      0.159   -0.057 
 487366.00    30.4821539692   114.5851874684     17.191    -13.663      0.107   -0.003 
 487367.00    30.4821549842   114.5850422271     17.219    -14.229      0.097    0.032 
 487368.00    30.4821554090   114.5848912158     17.333    -14.810      0.002    0.128 
 487369.00    30.4821543737   114.5847343185     17.494    -15.320     -0.176    0.136 
 487370.00    30.4821527490   114.5845725589     17.696    -15.756     -0.168    0.212 
 487371.00    30.4821509214   114.5844059237     17.890    -16.237     -0.249    0.236 
 487372.00    30.4821487013   114.5842342021     18.080    -16.733     -0.264    0.178 
 487373.00    30.4821461914   114.5840575514     18.284    -17.179     -0.297    0.308 
 487374.00    30.4821443239   114.5838762036     18.499    -17.629     -0.121    0.210 
 487375.00    30.4821437962   114.5836902408     18.697    -18.053      0.011    0.195 
 487376.00    30.4821441274   114.5834996090     18.896    -18.580      0.070    0.188 
 487377.00    30.4821450400   114.5833045105     19.092    -18.746      0.098    0.268 
 487378.00    30.4821455998   114.5831098507     19.365    -18.729      0.015    0.272 
 487379.00    30.4821461830   114.5829138393     19.579    -18.941      0.087    0.089 
 487380.00    30.4821469207   114.5827152946     19.766    -19.066      0.066    0.153 
 487381.00    30.4821476062   114.5825190399     20.004    -18.685      0.105    0.241 
 487382.00    30.4821490755   114.5823260819     20.208    -18.375      0.183    0.199 
 487383.00    30.4821504248   114.5821364357     20.428    -18.043      0.140    0.240 
 487384.00    30.4821522650   114.5819508679     20.628    -17.580      0.250    0.227 
 487385.00    30.4821552816   114.5817702176     20.840    -17.079      0.382    0.214 
 487386.00    30.4821595829   114.5815944963     21.043    -16.685      0.516    0.066 
 487387.00    30.4821641833   114.5814230953     21.173    -16.220      0.467    0.102 
 487388.00    30.4821682275   114.5812568201     21.326    -15.732      0.463    0.191 
 487389.00    30.4821716971   114.5810955691     21.488    -15.255      0.314    0.134 
 487390.00    30.4821735113   114.5809396669     21.717    -14.718      0.135    0.181 
 487391.00    30.4821738853   114.5807891616     21.875    -14.177      0.028    0.092 
 487392.00    30.4821743090   114.5806438119     21.999    -13.659      0.110    0.074 
 487393.00    30.4821753590   114.5805068979     22.096    -12.723      0.082    0.070 
 487394.00    30.4821758324   114.5803774343     22.281    -12.182      0.018    0.128 
 487395.00    30.4821756326   114.5802528854     22.289    -11.845     -0.018   -0.139 
 487396.00    30.4821750554   114.5801289943     22.226    -12.002     -0.137    0.052 
 487397.00    30.4821735275   114.5800021590     22.199    -12.373     -0.189   -0.057 
 487398.00    30.4821720237   114.5798709033     22.155    -12.840     -0.070   -0.094 
 487399.00    30.4821715931   114.5797346996     22.095    -13.324     -0.005   -0.023 
 487400.00    30.4821717568   114.5795934250     22.062    -13.793      0.019    0.020 
 487401.00    30.4821716038   114.5794473093     22.009    -14.283     -0.045   -0.094 
 487402.00    30.4821706709   114.5792957761     21.938    -14.833     -0.153   -0.030 
 487403.00    30.4821688529   114.5791382656     21.880    -15.417     -0.231   -0.137 
 487404.00    30.4821669480   114.5789748861     21.793    -15.959     -0.191   -0.098 
 487405.00    30.4821658885   114.5788059950     21.710    -16.470     -0.062   -0.063 
 487406.00    30.4821662482   114.5786315696     21.616    -17.020      0.115   -0.075 
 487407.00    30.4821672592   114.5784517035     21.535    -17.527      0.086   -0.111 
 487408.00    30.4821676208   114.5782668402     21.495    -17.985     -0.015   -0.067 
 487409.00    30.4821677808   114.5780769230     21.423    -18.473      0.023   -0.043 
 487410.00    30.4821683050   114.5778822057     21.313    -18.923      0.097   -0.091 
 487411.00    30.4821695953   114.5776828583     21.231    -19.351      0.189   -0.107 
 487412.00    30.4821710052   114.5774790406     21.125    -19.775      0.139   -0.078 
 487413.00    30.4821724070   114.5772709511     21.066    -20.199      0.207   -0.106 
 487414.00    30.4821734872   114.5770611337     20.956    -19.989      0.137   -0.074 
 487415.00    30.4821743352   114.5768551064     20.831    -19.564      0.098   -0.210 
 487416.00    30.4821760770   114.5766534538     20.769    -19.173      0.231   -0.117 
 487417.00    30.4821780269   114.5764537650     20.644    -19.221      0.192   -0.086 
 487418.00    30.4821793682   114.5762529494     20.553    -19.316      0.083   -0.054 
 487419.00    30.4821799283   114.5760524710     20.465    -19.092      0.026   -0.079 
 487420.00    30.4821798572   114.5758557739     20.387    -18.689     -0.044   -0.036 
 487421.00    30.4821791862   114.5756636493     20.420    -18.217     -0.090    0.118 
 487422.00    30.4821789879   114.5754763870     20.509    -17.723      0.019    0.111 
 487423.00    30.4821791280   114.5752941905     20.603    -17.263     -0.004    0.116 
 487424.00    30.4821785487   114.5751161006     20.656    -16.973     -0.064    0.004 
 487425.00    30.4821794103   114.5749411787     20.644    -16.565      0.213    0.005 
 487426.00    30.4821823817   114.5747699354     20.754    -16.419      0.349    0.017 
 487427.00    30.4821854124   114.5745982199     20.814    -16.604      0.303    0.060 
 487428.00    30.4821877195   114.5744247662     20.895    -16.754      0.178    0.073 
 487429.00    30.4821889729   114.5742492592     20.993    -16.962      0.087    0.113 
 487430.00    30.4821890787   114.5740715848     21.083    -17.169     -0.030    0.119 
 487431.00    30.4821886287   114.5738920129     21.195    -17.336     -0.062    0.121 
 487432.00    30.4821881991   114.5737110898     21.280    -17.369     -0.015    0.053 
 487433.00    30.4821881764   114.5735301247     21.348    -17.386      0.019    0.113 
 487434.00    30.4821890615   114.5733484839     21.423    -17.480      0.118    0.159 
 487435.00    30.4821903817   114.5731652271     21.500    -17.723      0.162    0.078 
 487436.00    30.4821913996   114.5729796137     21.563    -17.929      0.095    0.085 
 487437.00    30.4821923517   114.5727916943     21.656    -18.108      0.158    0.075 
 487438.00    30.4821939474   114.5726022695     21.755    -18.268      0.181    0.104 
 487439.00    30.4821955923   114.5724111692     21.838    -18.443      0.187    0.059 
 487440.00    30.4821971097   114.5722183684     21.912    -18.557      0.157    0.048 
 487441.00    30.4821981912   114.5720255666     22.009    -18.491      0.100    0.115 
 487442.00    30.4821990384   114.5718337957     22.093    -18.308      0.054    0.118 
 487443.00    30.4821995558   114.5716429108     22.187    -18.392      0.035    0.074 
 487444.00    30.4821998807   114.5714509603     22.289    -18.347      0.027    0.169 
 487445.00    30.4822005589   114.5712612426     22.469    -18.146      0.094    0.221 
 487446.00    30.4822016882   114.5710719067     22.702    -18.209      0.121    0.188 
 487447.00    30.4822025232   114.5708829356     23.004    -18.093      0.105    0.323 
 487448.00    30.4822036204   114.5706949565     23.375    -17.965      0.168    0.336 
 487449.00    30.4822054056   114.5705087394     23.755    -17.792      0.226    0.328 
 487450.00    30.4822069422   114.5703242238     24.113    -17.639      0.147    0.340 
 487451.00    30.4822079325   114.5701414067     24.492    -17.490      0.069    0.454 
 487452.00    30.4822078683   114.5699594966     24.853    -17.492     -0.089    0.400 
 487453.00    30.4822073403   114.5697777465     25.217    -17.357     -0.029    0.348 
 487454.00    30.4822076238   114.5695972307     25.595    -17.348      0.045    0.354 
 487455.00    30.4822080221   114.5694165847     25.952    -17.344      0.048    0.369 
 487456.00    30.4822086285   114.5692377146     26.330    -16.961      0.078    0.411 
 487457.00    30.4822106303   114.5690632077     26.662    -16.477      0.344    0.294 
 487458.00    30.4822141094   114.5688947822     27.017    -15.847      0.409    0.392 
 487459.00    30.4822182789   114.5687327074     27.338    -15.255      0.498    0.303 
 487460.00    30.4822233570   114.5685766578     27.586    -14.767      0.661    0.116 
 487461.00    30.4822303205   114.5684226251     27.767    -14.862      0.895    0.179 
 487462.00    30.4822405718   114.5682664616     27.882    -15.072      1.361    0.072 
 487463.00    30.4822557970   114.5681078861     27.910    -15.307      1.986   -0.021 
 487464.00    30.4822767149   114.5679471984     27.856    -15.429      2.534   -0.114 
 487465.00    30.4823007641   114.5677876922     27.736    -15.157      2.722   -0.119 
 487466.00    30.4823268366   114.5676281496     27.559    -15.514      3.048   -0.221 
 487467.00    30.4823561732   114.5674638158     27.346    -16.055      3.416   -0.189 
 487468.00    30.4823879201   114.5672931414     27.132    -16.673      3.554   -0.214 
 487469.00    30.4824205640   114.5671169854     26.896    -17.182      3.658   -0.186 
 487470.00    30.4824538379   114.5669355951     26.689    -17.654      3.699   -0.219 
 487471.00    30.4824870365   114.5667499155     26.454    -17.822      3.612   -0.263 
 487472.00    30.4825189046   114.5665656076     26.207    -17.576      3.463   -0.302 
 487473.00    30.4825496930   114.5663845307     25.996    -17.205      3.388   -0.201 
 487474.00    30.4825808538   114.5662070658     25.799    -16.856      3.508   -0.185 
 487475.00    30.4826122389   114.5660329838     25.547    -16.565      3.408   -0.229 
 487476.00    30.4826418083   114.5658642601     25.387    -15.717      3.119   -0.150 
 487477.00    30.4826683335   114.5657066329     25.209    -14.635      2.780   -0.161 
 487478.00    30.4826922648   114.5655555050     24.979    -14.378      2.550   -0.205 
 487479.00    30.4827146034   114.5654068711     24.794    -14.159      2.477   -0.180 
 487480.00    30.4827375015   114.5652597973     24.624    -14.042      2.578   -0.090 
 487481.00    30.4827608527   114.5651139963     24.476    -13.943      2.572   -0.180 
 487482.00    30.4827838516   114.5649684979     24.264    -14.062      2.505   -0.249 
 487483.00    30.4828060328   114.5648211967     24.106    -14.171      2.430   -0.139 
 487484.00    30.4828278881   114.5646746934     23.907    -13.945      2.408   -0.180 
 487485.00    30.4828485382   114.5645353725     23.705    -12.690      2.178   -0.251 
 487486.00    30.4828670846   114.5644118136     23.564    -11.022      1.914   -0.117 
 487487.00    30.4828832503   114.5643074115     23.420     -9.001      1.623   -0.120 
 487488.00    30.4828964144   114.5642213472     23.335     -7.930      1.354   -0.064 
 487489.00    30.4829077980   114.5641408499     23.242     -7.655      1.197   -0.099 
 487490.00    30.4829184551   114.5640578509     23.137     -8.372      1.192   -0.089 
 487491.00    30.4829297328   114.5639655087     23.038     -9.382      1.301   -0.102 
 487492.00    30.4829417381   114.5638624366     22.909    -10.407      1.373   -0.137 
 487493.00    30.4829542310   114.5637485685     22.755    -11.450      1.402   -0.145 
 487494.00    30.4829670361   114.5636243286     22.618    -12.415      1.439   -0.147 
 487495.00    30.4829798012   114.5634903044     22.455    -13.346      1.375   -0.195 
 487496.00    30.4829917746   114.5633469339     22.285    -14.204      1.308   -0.197 
 487497.00    30.4830029887   114.5631946058     22.083    -15.064      1.213   -0.154 
 487498.00    30.4830129861   114.5630363217     21.875    -15.211      1.000   -0.188 
 487499.00    30.4830212096   114.5628775690     21.686    -15.370      0.848   -0.183 
 487500.00    30.4830287033   114.5627155073     21.474    -15.759      0.778   -0.243 
 487501.00    30.4830341304   114.5625498161     21.268    -16.075      0.428   -0.186 
 487502.00    30.4830363233   114.5623810324     21.046    -16.354      0.169   -0.240 
 487503.00    30.4830374194   114.5622100098     20.828    -16.485      0.104   -0.293 
 487504.00    30.4830383824   114.5620385299     20.641    -16.424      0.114   -0.217 
 487505.00    30.4830392790   114.5618677003     20.462    -16.402      0.091   -0.182 
 487506.00    30.4830400752   114.5616973836     20.285    -16.236      0.087   -0.143 
 487507.00    30.4830413356   114.5615302703     20.131    -15.757      0.207   -0.161 
 487508.00    30.4830435764   114.5613714560     20.004    -14.668      0.282   -0.127 
 487509.00    30.4830462799   114.5612221466     19.908    -14.129      0.300   -0.070 
 487510.00    30.4830487530   114.5610778516     19.881    -13.516      0.226   -0.017 
 487511.00    30.4830504762   114.5609404484     19.812    -12.986      0.149   -0.053 
 487512.00    30.4830518792   114.5608067134     19.798    -12.758      0.129    0.058 
 487513.00    30.4830536196   114.5606737167     19.744    -12.807      0.214   -0.042 
 487514.00    30.4830558205   114.5605391500     19.721    -13.070      0.239   -0.008 
 487515.00    30.4830568068   114.5604010247     19.693    -13.480     -0.022    0.003 
 487516.00    30.4830557503   114.5602590945     19.647    -13.766     -0.173   -0.084 
 487517.00    30.4830542324   114.5601141964     19.584    -14.053     -0.174   -0.076 
 487518.00    30.4830527129   114.5599670578     19.513    -14.101     -0.143   -0.069 
 487519.00    30.4830527316   114.5598218325     19.466    -13.716      0.109   -0.001 
 487520.00    30.4830550501   114.5596811027     19.405    -13.256      0.383   -0.088 
 487521.00    30.4830603554   114.5595449398     19.374    -12.860      0.767   -0.106 
 487522.00    30.4830688619   114.5594130643     19.354    -12.448      1.057   -0.040 
 487523.00    30.4830795961   114.5592852504     19.273    -12.084      1.254   -0.054 
 487524.00    30.4830913373   114.5591592112     19.217    -12.264      1.248   -0.015 
 487525.00    30.4831016516   114.5590290529     19.141    -12.783      1.020   -0.078 
 487526.00    30.4831083616   114.5588938086     19.089    -13.266      0.616   -0.303 
 487527.00    30.4831106153   114.5587533972     18.980    -13.785      0.054   -0.094 
 487528.00    30.4831097339   114.5586110743     18.907    -13.247     -0.158   -0.048 
 487529.00    30.4831088903   114.5584810714     18.855    -11.644     -0.004   -0.057 
 487530.00    30.4831105346   114.5583684216     18.807    -10.096      0.356   -0.055 
 487531.00    30.4831164889   114.5582696071     18.763     -8.542      0.846   -0.019 
 487532.00    30.4831292123   114.5581908656     18.695     -6.214      1.856   -0.094 
 487533.00    30.4831557452   114.5581326600     18.615     -4.674      3.409   -0.071 
 487534.00    30.4831929104   114.5580905824     18.538     -3.170      4.344   -0.018 
 487535.00    30.4832385112   114.5580637867     18.488     -1.826      5.530   -0.066 
 487536.00    30.4832946173   114.5580517184     18.429     -0.626      6.684   -0.048 
 487537.00    30.4833600263   114.5580472151     18.400     -0.280      7.793    0.017 
 487538.00    30.4834354102   114.5580448858     18.437     -0.165      8.905    0.046 
 487539.00    30.4835205359   114.5580433416     18.452     -0.125      9.979    0.005 
 487540.00    30.4836149946   114.5580430306     18.475      0.049     10.971    0.015 
 487541.00    30.4837181889   114.5580433097     18.498      0.002     11.898    0.100 
 487542.00    30.4838295333   114.5580430638     18.570     -0.041     12.792    0.029 
 487543.00    30.4839484759   114.5580427647     18.615      0.007     13.582    0.053 
 487544.00    30.4840745380   114.5580428279     18.689      0.024     14.350    0.131 
 487545.00    30.4842053303   114.5580428181     18.809     -0.000     14.489    0.090 
 487546.00    30.4843344360   114.5580430392     18.944      0.116     14.181    0.183 
 487547.00    30.4844630678   114.5580448799     19.141      0.232     14.374    0.180 
 487548.00    30.4845941149   114.5580470783     19.352      0.182     14.699    0.262 
 487549.00    30.4847284894   114.5580485084     19.544      0.114     15.085    0.225 
 487550.00    30.4848658022   114.5580491659     19.782      0.011     15.327    0.208 
 487551.00    30.4850028027   114.5580493018     19.991      0.078     15.063    0.153 
 487552.00    30.4851380474   114.5580506283     20.190      0.170     14.872    0.177 
 487553.00    30.4852702041   114.5580527526     20.390      0.223     14.466    0.222 
 487554.00    30.4853998132   114.5580550486     20.598      0.174     14.287    0.196 
 487555.00    30.4855286115   114.5580565260     20.799      0.121     14.290    0.207 
 487556.00    30.4856566731   114.5580573998     21.001      0.061     14.128    0.225 
 487557.00    30.4857836766   114.5580578246     21.207      0.078     14.017    0.184 
 487558.00    30.4859094566   114.5580588704     21.399      0.135     13.897    0.144 
 487559.00    30.4860340921   114.5580605871     21.593      0.169     13.779    0.153 
 487560.00    30.4861578115   114.5580618706     21.803      0.077     13.673    0.214 
 487561.00    30.4862807490   114.5580620395     21.987     -0.025     13.542    0.239 
 487562.00    30.4864030221   114.5580617582     22.188      0.015     13.566    0.136 
 487563.00    30.4865254788   114.5580628054     22.384      0.170     13.599    0.176 
 487564.00    30.4866482024   114.5580650998     22.588      0.234     13.611    0.199 
 487565.00    30.4867710467   114.5580669544     22.780      0.123     13.625    0.226 
 487566.00    30.4868938377   114.5580680391     22.974      0.100     13.515    0.211 
 487567.00    30.4870151412   114.5580691726     23.164      0.130     13.420    0.189 
 487568.00    30.4871361720   114.5580705149     23.350      0.136     13.329    0.249 
 487569.00    30.4872556795   114.5580719499     23.530      0.107     13.113    0.197 
 487570.00    30.4873730700   114.5580728401     23.709      0.050     12.916    0.236 
 487571.00    30.4874890208   114.5580731021     23.899     -0.038     12.666    0.184 
 487572.00    30.4876013081   114.5580725289     24.070     -0.095     12.306    0.137 
 487573.00    30.4877108230   114.5580712684     24.244     -0.106     11.975    0.202 
 487574.00    30.4878165455   114.5580706493     24.428     -0.032     11.467    0.138 
 487575.00    30.4879174792   114.5580707176     24.577      0.026     10.907    0.185 
 487576.00    30.4880133678   114.5580708723     24.717      0.010     10.297    0.129 
 487577.00    30.4881018615   114.5580703292     24.863     -0.130      9.207    0.155 
 487578.00    30.4881785978   114.5580670809     24.992     -0.514      7.736    0.108 
 487579.00    30.4882393063   114.5580596867     25.105     -0.884      5.665    0.091 
 487580.00    30.4882832375   114.5580478254     25.181     -1.475      4.232    0.036 
 487581.00    30.4883122984   114.5580304951     25.213     -1.753      2.495    0.034 
 487582.00    30.4883295423   114.5580116389     25.229     -2.066      1.705    0.003 
 487583.00    30.4883418487   114.5579870705     25.212     -2.694      1.267   -0.033 
 487584.00    30.4883495033   114.5579589519     25.184     -3.221      0.852   -0.029 
 487585.00    30.4883540676   114.5579239267     25.192     -3.537      0.461    0.014 
 487586.00    30.4883557220   114.5578907106     25.141     -3.091      0.179   -0.058 
 487587.00    30.4883564283   114.5578584692     25.075     -3.148      0.052   -0.071 
 487588.00    30.4883559326   114.5578266398     25.006     -3.011     -0.070   -0.079 
 487589.00    30.4883541053   114.5577967702     24.941     -2.831     -0.240   -0.066 
 487590.00    30.4883494010   114.5577683864     24.877     -2.872     -0.676   -0.047 
 487591.00    30.4883375180   114.5577395897     24.823     -3.236     -1.694   -0.066 
 487592.00    30.4883156971   114.5577123228     24.754     -2.668     -2.600   -0.079 
 487593.00    30.4882906334   114.5576956810     24.699     -1.564     -2.670   -0.031 
 487594.00    30.4882665710   114.5576887152     24.675     -0.770     -2.607   -0.031 
 487595.00    30.4882435193   114.5576881563     24.662     -0.182     -2.458   -0.014 
 487596.00    30.4882226798   114.5576890012     24.647     -0.011     -2.225    0.000 
 487597.00    30.4882035849   114.5576897206     24.638      0.045     -2.147    0.018 
 487598.00    30.4881780313   114.5576906374     24.635      0.092     -3.580    0.001 
 487599.00    30.4881394507   114.5576915942     24.610      0.102     -4.901   -0.029 
 487600.00    30.4880910066   114.5576924342     24.578      0.069     -5.593   -0.029 
 487601.00    30.4880419291   114.5576925202     24.554     -0.004     -5.171   -0.035 
 487602.00    30.4879983204   114.5576920028     24.531     -0.046     -4.483   -0.025 
 487603.00    30.4879618910   114.5576909537     24.485     -0.105     -3.508   -0.045 
 487604.00    30.4879353555   114.5576875998     24.451     -0.312     -2.516   -0.013 
 487605.00    30.4879152455   114.5576763113     24.424     -0.863     -1.862   -0.018 
 487606.00    30.4879034615   114.5576578170     24.402     -1.286     -1.067    0.011 
 487607.00    30.4878981627   114.5576380599     24.384     -1.506     -0.554   -0.022 
 487608.00    30.4878964569   114.5576178177     24.373     -1.692     -0.265   -0.065 
 487609.00    30.4878966578   114.5575970789     24.385     -1.748      0.032    0.042 
 487610.00    30.4878978924   114.5575757390     24.409     -2.128      0.080    0.031 
 487611.00    30.4878993345   114.5575481077     24.439     -2.928      0.166    0.047 
 487612.00    30.4879010808   114.5575178887     24.472     -2.718      0.166    0.059 
 487613.00    30.4879018696   114.5574918157     24.598     -2.366      0.032    0.274 
 487614.00    30.4879021187   114.5574650992     24.471     -2.554      0.098   -0.116 
 487615.00    30.4879022115   114.5574377780     24.203     -2.762      0.006   -0.256 
 487616.00    30.4879026607   114.5574060432     23.805     -3.359      0.089   -0.567 
 487617.00    30.4879028550   114.5573681240     23.275     -3.792      0.068   -0.702 
 487618.00    30.4879027921   114.5573301055     22.732     -3.538      0.080   -0.728 
 487619.00    30.4879026649   114.5572920452     22.199     -3.796      0.035   -0.576 
 487620.00    30.4879024332   114.5572522747     21.600     -3.722     -0.019   -0.605 
